id,t,dTot,dFed,rFed,oFed,sFed
p17,0,0,0,0,20,0
p17,1,30,10,0,18,0
p17,6,30,10,0,0,0
p17,9,30,10,1,0,0
p17,12,30,10,4,0,0
p17,13,30,10,5,0,0
p17,18,30,10,6,0,0
p17,22,30,10,7,0,0
p17,60,30,10,7,0,0
p17,120,30,10,7,0,0
p17,180,30,10,7,0,0
p17,240,30,10,7,0,0
p17,300,30,10,7,0,0
p17,360,30,10,7,0,0
p17,420,30,10,7,0,0
p17,480,30,10,7,0,0
p17,540,30,10,7,0,0
p17,600,30,10,7,0,0
p17,660,30,10,7,0,0
p17,720,30,10,7,0,0
p17,780,30,10,7,0,0
p17,840,30,10,7,0,0
p17,900,30,10,7,0,0
p17,960,30,10,7,0,0
p17,1020,30,10,7,0,0
p17,1080,30,10,7,0,0
p17,1140,30,10,7,0,0
p17,1200,30,10,7,0,0
p17,1260,30,10,7,0,0
p17,1320,30,10,7,0,0
p17,1380,30,10,7,0,0
p17,1440,30,10,7,0,0
p17,1500,30,10,7,0,0
p17,1560,30,10,7,0,0
p17,1620,30,10,7,0,0
p17,1680,30,10,7,0,0
p17,1740,30,10,7,0,0
p17,1800,30,10,7,0,0
p17,1801,28,8,7,2,2
p17,1806,26,6,7,4,3
p17,1807,25,5,7,5,5
p17,1808,23,3,7,7,7
p17,1809,21,1,7,9,9
p17,1810,19,0,7,11,10
p17,1811,19,0,7,11,12
p17,1812,17,0,7,13,13
p17,1813,17,0,7,13,14
p17,1814,16,0,7,14,15
p17,1815,15,0,7,15,15
p17,1816,14,0,7,16,16
p17,1817,13,0,7,17,17
p17,1818,11,0,7,19,18
p17,1819,9,0,6,20,20
p17,1821,8,0,5,20,20
p17,1822,6,0,3,20,20
p17,1823,6,0,4,20,20
p17,1824,4,0,2,20,20
p17,1825,3,0,1,20,20
p17,1860,3,0,1,20,20
p17,1920,3,0,1,20,20
p17,1962,3,0,1,19,19
p17,1980,3,0,1,19,19
p17,2040,3,0,1,19,19
p17,2100,3,0,1,19,19
p17,2104,3,0,0,19,19
p17,2160,3,0,0,19,19
p17,2220,3,0,0,19,19
p17,2240,3,0,0,19,18
p17,2241,3,0,0,18,18
p17,2280,3,0,0,18,18
p17,2340,3,0,0,18,18
p17,2400,3,0,0,18,18
p17,2460,3,0,0,18,18
p17,2520,3,0,0,18,18
p17,2526,3,0,0,18,18
p17,2539,3,0,0,18,18
p17,2554,3,0,0,18,18
p17,2558,3,0,0,17,17
p17,2580,3,0,0,17,17
p17,2640,3,0,0,17,17
p17,2700,3,0,0,17,17
p17,2760,3,0,0,17,17
p17,2820,3,0,0,17,17
p17,2880,3,0,0,17,17
p17,2899,3,0,0,17,17
p17,2940,3,0,0,17,17
p17,3000,3,0,0,17,17
p17,3060,3,0,0,17,17
p17,3120,3,0,0,17,17
p17,3180,3,0,0,17,17
p17,3240,3,0,0,17,17
p17,3300,3,0,0,17,17
p17,3305,3,0,0,17,16
p17,3306,3,0,0,17,17
p17,3360,3,0,0,17,17
p17,3420,3,0,0,17,17
p17,3480,3,0,0,17,17
p17,3540,3,0,0,17,17
p17,3600,3,0,0,17,17
p17,3602,11,0,0,17,17
p17,3603,29,9,0,17,17
p17,3604,33,13,0,17,17
p17,3660,33,13,0,17,17
p17,3720,33,13,0,17,17
p17,3762,32,12,0,18,18
p17,3780,32,12,0,18,18
p17,3810,32,12,0,18,17
p17,3811,32,12,0,18,18
p17,3818,32,12,0,18,18
p17,3840,32,12,0,18,18
p17,3900,32,12,0,18,18
p17,3960,32,12,0,18,18
p17,4020,32,12,0,18,18
p17,4024,32,12,0,17,17
p17,4041,31,11,0,18,18
p17,4069,31,11,0,18,17
p17,4070,31,11,0,17,17
p17,4077,30,10,0,18,18
p17,4080,30,10,0,18,18
p17,4104,30,10,0,17,17
p17,4116,30,10,0,16,16
p17,4124,30,10,0,16,15
p17,4125,30,10,0,15,15
p17,4131,30,10,0,14,13
p17,4132,30,10,0,13,13
p17,4140,30,10,0,13,13
p17,4150,30,10,0,12,12
p17,4157,30,10,0,11,11
p17,4167,30,10,0,10,10
p17,4174,30,10,0,10,9
p17,4175,30,10,0,9,9
p17,4177,30,10,0,8,8
p17,4186,30,10,0,7,7
p17,4188,30,10,0,6,6
p17,4200,30,10,0,6,6
p17,4210,30,10,0,5,5
p17,4216,30,10,0,4,4
p17,4220,30,10,0,3,3
p17,4223,30,10,0,3,2
p17,4224,30,10,0,2,2
p17,4249,30,10,0,2,1
p17,4250,30,10,0,1,1
p17,4260,30,10,0,1,1
p17,4266,30,10,0,0,0
p17,4320,30,10,0,0,0
p17,4380,30,10,0,0,0
p17,4440,30,10,0,0,0
p17,4500,30,10,0,0,0
p17,4560,30,10,0,0,0
p17,4620,30,10,0,0,0
p17,4680,30,10,0,0,0
p17,4740,30,10,0,0,0
p17,4800,30,10,0,0,0
p17,4860,30,10,0,0,0
p17,4920,30,10,0,0,0
p17,4980,30,10,0,0,0
p17,5040,30,10,0,0,0
p17,5100,30,10,0,0,0
p17,5160,30,10,0,0,0
p17,5220,30,10,0,0,0
p17,5280,30,10,0,0,0
p17,5340,30,10,0,0,0
p17,5400,30,10,0,0,0
p17,5460,30,10,0,0,0
p17,5520,30,10,0,0,0
p17,5580,30,10,0,0,0
p17,5640,30,10,0,0,0
p17,5700,30,10,0,0,0
p17,5760,30,10,0,0,0
p17,5820,30,10,0,0,0
p17,5824,29,9,0,1,1
p17,5870,28,8,0,2,2
p17,5880,28,8,0,2,2
p17,5904,27,7,0,3,3
p17,5916,26,6,0,4,3
p17,5917,26,6,0,4,4
p17,5925,25,5,0,5,5
p17,5931,24,4,0,6,6
p17,5932,23,3,0,7,7
p17,5940,23,3,0,7,7
p17,5950,22,2,0,8,8
p17,5957,21,1,0,9,9
p17,5967,20,0,0,10,10
p17,5975,19,0,0,11,11
p17,5977,18,0,0,12,12
p17,5986,17,0,0,13,13
p17,5988,16,0,0,14,14
p17,6000,16,0,0,14,14
p17,6010,15,0,0,15,15
p17,6016,14,0,0,16,15
p17,6017,14,0,0,16,16
p17,6020,13,0,0,17,17
p17,6024,12,0,0,18,18
p17,6045,12,0,0,17,17
p17,6050,11,0,0,18,18
p17,6060,11,0,0,18,18
p17,6066,10,0,0,19,18
p17,6067,10,0,0,19,19
p17,6068,10,0,0,18,18
p17,6073,10,0,0,16,16
p17,6093,10,0,0,15,15
p17,6120,10,0,0,15,15
p17,6121,10,0,0,14,14
p17,6124,10,0,0,13,13
p17,6155,10,0,0,12,12
p17,6166,10,0,0,11,11
p17,6179,10,0,0,10,10
p17,6180,10,0,0,10,10
p17,6240,10,0,0,10,10
p17,6300,10,0,0,10,10
p17,6360,10,0,0,10,10
p17,6420,10,0,0,10,10
p17,6480,10,0,0,10,10
p17,6540,10,0,0,10,10
p17,6600,10,0,0,10,10
p17,6660,10,0,0,10,10
p17,6720,10,0,0,10,10
p17,6728,10,0,0,10,10
p17,6779,10,0,0,10,9
p17,6780,10,0,0,10,10
p17,6807,10,0,0,10,10
p17,6840,10,0,0,10,10
p17,6900,10,0,0,10,10
p17,6960,10,0,0,10,10
p17,7020,10,0,0,10,10
p17,7080,10,0,0,10,10
p17,7140,10,0,0,10,10
p17,7200,10,0,0,10,10
p17,7203,13,0,0,10,10
p17,7204,40,20,0,10,10
p17,7260,40,20,0,10,10
p17,7320,40,20,0,10,10
p17,7380,40,20,0,10,10
p17,7440,40,20,0,10,10
p17,7496,40,20,0,10,10
p17,7500,40,20,0,10,10
p17,7560,40,20,0,10,10
p17,7610,40,20,0,10,10
p17,7620,40,20,0,10,10
p17,7680,40,20,0,10,10
p17,7740,40,20,0,10,10
p17,7800,40,20,0,10,10
p17,7845,39,19,0,11,10
p17,7860,39,19,0,11,10
p17,7868,38,18,0,12,10
p17,7873,37,17,0,13,10
p17,7874,36,16,0,14,10
p17,7893,35,15,0,15,10
p17,7920,35,15,0,15,10
p17,7921,34,14,0,16,10
p17,7924,33,13,0,17,10
p17,7950,33,13,0,17,17
p17,7955,32,12,0,18,18
p17,7967,31,11,0,19,19
p17,7979,30,10,0,20,20
p17,7980,30,10,0,20,20
p17,7984,30,10,0,20,19
p17,7985,30,10,0,19,19
p17,7998,30,10,0,18,18
p17,8040,30,10,0,18,18
p17,8054,30,10,0,16,16
p17,8077,30,10,0,15,15
p17,8086,30,10,0,14,14
p17,8089,30,10,0,13,13
p17,8100,30,10,0,13,13
p17,8101,30,10,0,12,12
p17,8102,30,10,0,11,11
p17,8116,30,10,0,10,10
p17,8125,30,10,0,9,9
p17,8135,30,10,0,8,8
p17,8160,30,10,0,8,8
p17,8168,30,10,0,7,7
p17,8171,30,10,0,6,6
p17,8220,30,10,0,6,6
p17,8231,30,10,0,6,6
p17,8235,30,10,0,5,5
p17,8271,30,10,0,4,4
p17,8275,30,10,0,3,3
p17,8280,30,10,0,3,3
p17,8292,30,10,0,2,2
p17,8300,30,10,0,2,1
p17,8301,30,10,0,1,1
p17,8339,30,10,0,0,0
p17,8340,30,10,0,0,0
p17,8400,30,10,0,0,0
p17,8460,30,10,0,0,0
p17,8520,30,10,0,0,0
p17,8580,30,10,0,0,0
p17,8640,30,10,0,0,0
p17,8700,30,10,0,0,0
p17,8760,30,10,0,0,0
p17,8820,30,10,0,0,0
p17,8880,30,10,0,0,0
p17,8940,30,10,0,0,0
p17,8949,30,10,1,0,0
p17,9000,30,10,1,0,0
p17,9060,30,10,1,0,0
p17,9120,30,10,1,0,0
p17,9180,30,10,1,0,0
p17,9181,30,10,0,0,0
p17,9240,30,10,0,0,0
p17,9300,30,10,0,0,0
p17,9360,30,10,0,0,0
p17,9420,30,10,0,0,0
p17,9480,30,10,0,0,0
p17,9540,30,10,0,0,0
p17,9600,30,10,0,0,0
p17,9660,30,10,0,0,0
p17,9720,30,10,0,0,0
p17,9780,30,10,0,0,0
p17,9785,29,9,0,1,1
p17,9798,28,8,0,2,2
p17,9811,28,8,0,1,1
p17,9828,28,8,0,0,0
p17,9840,28,8,0,0,0
p17,9854,27,7,0,1,1
p17,9855,26,6,0,2,2
p17,9877,25,5,0,3,3
p17,9887,24,4,0,4,4
p17,9889,23,3,0,5,4
p17,9890,23,3,0,5,5
p17,9894,23,3,0,5,4
p17,9895,23,3,0,4,4
p17,9900,23,3,0,4,4
p17,9901,22,2,0,5,4
p17,9902,21,1,0,6,6
p17,9916,20,0,0,7,7
p17,9925,19,0,0,8,8
p17,9935,18,0,0,9,8
p17,9936,18,0,0,8,8
p17,9945,18,0,0,8,7
p17,9946,18,0,0,7,7
p17,9952,18,0,0,6,6
p17,9957,18,0,0,5,5
p17,9958,18,0,0,4,4
p17,9960,18,0,0,4,4
p17,9968,17,0,0,5,5
p17,9971,16,0,0,6,6
p17,9972,16,0,0,5,5
p17,10020,16,0,0,5,5
p17,10035,15,0,0,6,5
p17,10071,14,0,0,7,5
p17,10076,13,0,0,8,5
p17,10080,13,0,0,8,5
p17,10092,12,0,0,9,5
p17,10101,11,0,0,10,5
p17,10139,10,0,0,11,5
p17,10140,10,0,0,11,5
p17,10200,10,0,0,11,5
p17,10212,10,0,0,11,8
p17,10213,10,0,0,11,11
p17,10260,10,0,0,11,11
p17,10320,10,0,0,11,11
p17,10380,10,0,0,11,11
p17,10440,10,0,0,11,11
p17,10500,10,0,0,11,11
p17,10517,10,0,0,11,11
p17,10560,10,0,0,11,11
p17,10620,10,0,0,11,11
p17,10653,10,0,0,11,11
p17,10667,10,0,0,10,10
p17,10680,10,0,0,10,10
p17,10740,10,0,0,10,10
p17,10800,10,0,0,10,10
p17,10802,32,12,0,10,10
p17,10803,40,20,0,10,10
p17,10860,40,20,0,10,10
p17,10920,40,20,0,10,10
p17,10965,40,20,0,10,9
p17,10980,40,20,0,10,9
p17,11036,40,20,0,10,10
p17,11037,40,20,0,8,8
p17,11038,40,20,0,7,7
p17,11040,40,20,0,7,7
p17,11041,40,20,0,6,6
p17,11077,40,20,0,5,5
p17,11097,40,20,0,4,4
p17,11100,40,20,0,4,4
p17,11108,40,20,0,3,3
p17,11117,40,20,0,2,2
p17,11160,40,20,0,1,1
p17,11163,40,20,0,0,0
p17,11220,40,20,0,0,0
p17,11280,40,20,0,0,0
p17,11340,40,20,0,0,0
p17,11400,40,20,0,0,0
p17,11460,40,20,0,0,0
p17,11520,40,20,0,0,0
p17,11526,39,19,0,1,1
p17,11580,39,19,0,1,1
p17,11611,38,18,0,2,1
p17,11628,37,17,0,3,1
p17,11640,37,17,0,3,1
p17,11641,37,17,1,3,1
p17,11695,36,16,1,4,1
p17,11700,36,16,1,4,1
p17,11736,35,15,1,5,1
p17,11746,34,14,1,6,1
p17,11752,33,13,1,7,1
p17,11757,32,12,1,8,1
p17,11760,32,12,1,8,1
p17,11772,31,11,1,9,1
p17,11820,31,11,1,9,1
p17,11849,31,11,1,9,9
p17,11880,31,11,1,9,9
p17,11940,31,11,1,9,9
p17,12000,31,11,1,8,8
p17,12005,31,11,1,8,7
p17,12023,31,11,1,6,6
p17,12046,31,11,1,5,5
p17,12060,31,11,1,5,5
p17,12095,31,11,1,4,4
p17,12099,31,11,1,3,3
p17,12118,31,11,1,2,2
p17,12120,31,11,1,2,2
p17,12127,31,11,1,2,1
p17,12128,31,11,1,1,1
p17,12180,31,11,1,1,1
p17,12190,31,11,1,0,0
p17,12240,31,11,1,0,0
p17,12300,31,11,1,0,0
p17,12360,31,11,1,0,0
p17,12420,31,11,1,0,0
p17,12467,30,10,1,1,0
p17,12480,30,10,1,1,0
p17,12540,30,10,1,1,0
p17,12600,30,10,1,1,0
p17,12660,30,10,1,1,0
p17,12668,30,10,1,1,1
p17,12720,30,10,1,1,1
p17,12780,30,10,1,1,1
p17,12813,30,10,0,1,1
p17,12837,28,8,0,3,2
p17,12838,27,7,0,4,4
p17,12840,27,7,0,4,4
p17,12841,26,6,0,5,4
p17,12842,26,6,0,5,5
p17,12878,25,5,0,6,6
p17,12897,25,5,0,6,7
p17,12898,24,4,0,7,7
p17,12900,24,4,0,7,7
p17,12908,23,3,0,8,8
p17,12918,22,2,0,9,9
p17,12960,21,1,0,10,10
p17,12962,21,1,0,9,9
p17,12963,20,0,0,10,10
p17,12981,20,0,0,9,9
p17,13005,20,0,0,9,8
p17,13006,20,0,0,8,8
p17,13020,20,0,0,8,8
p17,13031,20,0,0,7,7
p17,13036,20,0,0,6,6
p17,13043,20,0,0,6,5
p17,13044,20,0,0,5,5
p17,13061,20,0,0,4,4
p17,13080,20,0,0,4,4
p17,13115,20,0,0,3,3
p17,13135,20,0,0,2,2
p17,13140,20,0,0,2,2
p17,13156,20,0,0,2,1
p17,13157,20,0,0,1,1
p17,13200,20,0,0,1,1
p17,13260,20,0,0,1,1
p17,13320,20,0,0,1,1
p17,13334,20,0,0,1,0
p17,13380,20,0,0,1,0
p17,13440,20,0,0,1,0
p17,13444,20,0,0,1,1
p17,13500,20,0,0,1,1
p17,13560,20,0,0,1,1
p17,13608,20,0,0,1,1
p17,13620,20,0,0,1,1
p17,13680,20,0,0,1,1
p17,13740,20,0,0,1,1
p17,13783,20,0,0,0,0
p17,13800,19,0,0,1,1
p17,13806,18,0,0,2,2
p17,13823,17,0,0,3,3
p17,13846,16,0,0,4,4
p17,13860,16,0,0,4,4
p17,13895,15,0,0,5,5
p17,13900,14,0,0,6,6
p17,13918,13,0,0,7,6
p17,13920,13,0,0,7,6
p17,13928,12,0,0,8,6
p17,13980,12,0,0,8,6
p17,13990,11,0,0,9,6
p17,14040,11,0,0,9,6
p17,14100,11,0,0,9,6
p17,14127,11,0,0,9,5
p17,14159,11,0,0,9,9
p17,14160,11,0,0,9,9
p17,14220,11,0,0,9,9
p17,14280,11,0,0,9,9
p17,14340,11,0,0,9,9
p17,14382,11,0,0,9,9
p17,14400,11,0,0,9,9
p17,14402,14,0,0,9,9
p17,14403,28,8,0,9,9
p17,14404,41,21,0,9,9
p17,14411,40,20,0,10,10
p17,14460,40,20,0,10,10
p17,14520,40,20,0,10,10
p17,14580,40,20,0,10,10
p17,14640,40,20,0,10,10
p17,14700,40,20,0,10,10
p17,14760,40,20,0,10,10
p17,14762,39,19,0,11,10
p17,14781,38,18,0,12,10
p17,14806,37,17,0,13,10
p17,14820,37,17,0,13,10
p17,14831,36,16,0,14,10
p17,14837,35,15,0,15,10
p17,14844,34,14,0,16,10
p17,14861,33,13,0,17,10
p17,14880,33,13,0,17,10
p17,14916,32,12,0,18,10
p17,14936,31,11,0,19,10
p17,14940,31,11,0,19,10
p17,14957,30,10,0,20,10
p17,15000,30,10,0,20,10
p17,15006,30,10,0,20,20
p17,15022,30,10,0,19,19
p17,15060,30,10,0,19,19
p17,15074,30,10,0,18,18
p17,15076,30,10,0,18,17
p17,15077,30,10,0,17,17
p17,15120,30,10,0,17,17
p17,15152,30,10,0,16,16
p17,15161,30,10,0,15,15
p17,15180,30,10,0,15,15
p17,15240,30,10,0,15,15
p17,15249,30,10,0,14,14
p17,15257,30,10,0,13,13
p17,15270,30,10,0,12,12
p17,15280,30,10,0,11,11
p17,15296,30,10,0,10,10
p17,15298,30,10,0,9,9
p17,15300,30,10,0,9,9
p17,15312,30,10,0,9,8
p17,15313,30,10,0,8,8
p17,15321,30,10,0,7,7
p17,15322,30,10,0,6,6
p17,15339,30,10,0,6,5
p17,15340,30,10,0,5,5
p17,15345,30,10,0,4,4
p17,15349,30,10,0,3,3
p17,15350,30,10,0,2,2
p17,15360,30,10,0,2,2
p17,15379,30,10,0,1,1
p17,15385,30,10,0,0,0
p17,15420,30,10,0,0,0
p17,15480,30,10,0,0,0
p17,15540,30,10,0,0,0
p17,15600,30,10,0,0,0
p17,15660,30,10,0,0,0
p17,15662,30,10,1,0,0
p17,15720,30,10,1,0,0
p17,15780,30,10,1,0,0
p17,15840,30,10,1,0,0
p17,15900,30,10,1,0,0
p17,15960,30,10,1,0,0
p17,16019,30,10,2,0,0
p17,16020,30,10,2,0,0
p17,16080,30,10,2,0,0
p17,16140,30,10,2,0,0
p17,16200,30,10,2,0,0
p17,16260,30,10,2,0,0
p17,16320,30,10,2,0,0
p17,16380,30,10,2,0,0
p17,16440,30,10,2,0,0
p17,16500,30,10,2,0,0
p17,16552,30,10,1,0,0
p17,16560,30,10,1,0,0
p17,16620,30,10,1,0,0
p17,16647,30,10,0,0,0
p17,16680,30,10,0,0,0
p17,16740,30,10,0,0,0
p17,16800,30,10,0,0,0
p17,16823,29,9,0,1,1
p17,16835,29,9,0,0,0
p17,16860,29,9,0,0,0
p17,16874,28,8,0,1,1
p17,16877,27,7,0,2,2
p17,16879,27,7,0,1,1
p17,16890,27,7,0,0,0
p17,16920,27,7,0,0,0
p17,16952,26,6,0,1,0
p17,16961,25,5,0,2,0
p17,16980,25,5,0,2,0
p17,17040,25,5,0,2,0
p17,17049,24,4,0,3,0
p17,17057,23,3,0,4,0
p17,17070,22,2,0,5,0
p17,17080,21,1,0,6,0
p17,17096,20,0,0,7,0
p17,17098,19,0,0,8,0
p17,17100,19,0,0,8,0
p17,17113,18,0,0,9,0
p17,17121,17,0,0,10,0
p17,17122,16,0,0,11,0
p17,17140,15,0,0,12,0
p17,17145,14,0,0,13,0
p17,17149,13,0,0,14,0
p17,17150,12,0,0,15,3
p17,17151,12,0,0,15,14
p17,17152,12,0,0,15,15
p17,17160,12,0,0,15,15
p17,17179,11,0,0,16,15
p17,17180,11,0,0,16,16
p17,17185,10,0,0,17,17
p17,17220,10,0,0,17,17
p17,17280,10,0,0,17,17
p17,17299,10,0,0,17,17
p17,17306,10,0,0,17,17
p17,17321,10,0,0,17,17
p17,17340,10,0,0,17,17
p17,17361,10,0,0,17,17
p17,17364,10,0,0,17,16
p17,17365,10,0,0,17,17
p17,17379,10,0,0,17,16
p17,17380,10,0,0,17,17
p17,17400,10,0,0,17,17
p17,17460,10,0,0,17,17
p17,17464,10,0,0,16,16
p17,17501,10,0,0,15,15
p17,17507,10,0,0,14,14
p17,17520,10,0,0,14,14
p17,17552,10,0,0,13,13
p17,17580,10,0,0,13,13
p17,17583,10,0,0,12,12
p17,17601,10,0,0,11,11
p17,17626,10,0,0,10,10
p17,17640,10,0,0,10,10
p17,17700,10,0,0,10,10
p17,17733,10,0,0,10,9
p17,17760,10,0,0,10,9
p17,17764,10,0,0,10,8
p17,17772,10,0,0,10,7
p17,17820,10,0,0,10,7
p17,17880,10,0,0,10,7
p17,17894,10,0,0,10,10
p17,17940,10,0,0,10,10
p17,18000,10,0,0,10,10
p17,18002,16,0,0,10,10
p17,18003,40,20,0,10,10
p17,18060,40,20,0,10,10
p17,18120,40,20,0,10,10
p17,18180,40,20,0,10,10
p17,18240,40,20,0,10,10
p17,18300,40,20,0,10,10
p17,18360,40,20,0,10,10
p17,18420,40,20,0,10,10
p17,18462,39,19,0,11,10
p17,18480,39,19,0,11,10
p17,18540,39,19,0,11,10
p17,18569,39,19,0,11,9
p17,18600,39,19,0,11,9
p17,18623,39,19,0,11,11
p17,18636,38,18,0,12,12
p17,18646,38,18,0,11,11
p17,18660,38,18,0,11,11
p17,18680,37,17,0,12,12
p17,18689,37,17,0,11,11
p17,18691,36,16,0,11,11
p17,18720,36,16,0,10,10
p17,18723,36,16,0,9,9
p17,18728,36,16,0,8,8
p17,18733,36,16,0,7,7
p17,18735,36,16,0,6,6
p17,18770,36,16,0,5,5
p17,18774,36,16,0,4,4
p17,18780,36,16,0,4,4
p17,18782,36,16,0,3,3
p17,18787,36,16,0,2,2
p17,18793,36,16,0,1,1
p17,18798,35,15,0,2,2
p17,18805,35,15,0,1,1
p17,18833,35,15,0,0,0
p17,18840,35,15,0,0,0
p17,18900,35,15,0,0,0
p17,18960,35,15,0,0,0
p17,19020,35,15,0,0,0
p17,19045,35,15,1,0,0
p17,19080,35,15,1,0,0
p17,19140,35,15,1,0,0
p17,19200,35,15,1,0,0
p17,19260,35,15,1,0,0
p17,19264,34,14,1,1,0
p17,19301,33,13,1,2,0
p17,19307,32,12,1,3,0
p17,19317,32,12,1,3,3
p17,19320,32,12,1,3,3
p17,19380,32,12,1,3,3
p17,19383,31,11,1,4,4
p17,19401,30,10,1,5,5
p17,19440,30,10,1,5,5
p17,19500,30,10,1,5,5
p17,19540,30,10,2,5,5
p17,19560,30,10,2,5,5
p17,19593,30,10,2,4,4
p17,19600,30,10,2,4,3
p17,19601,30,10,2,3,3
p17,19606,30,10,2,2,2
p17,19611,30,10,2,1,1
p17,19617,30,10,2,0,0
p17,19620,30,10,2,0,0
p17,19680,30,10,2,0,0
p17,19740,30,10,2,0,0
p17,19800,30,10,2,0,0
p17,19860,30,10,2,0,0
p17,19920,30,10,2,0,0
p17,19980,30,10,2,0,0
p17,20005,30,10,1,0,0
p17,20040,30,10,1,0,0
p17,20071,30,10,0,0,0
p17,20100,30,10,0,0,0
p17,20160,30,10,0,0,0
p17,20220,30,10,0,0,0
p17,20280,30,10,0,0,0
p17,20340,30,10,0,0,0
p17,20392,30,10,1,0,0
p17,20400,30,10,1,0,0
p17,20437,30,10,0,0,0
p17,20446,29,9,0,1,0
p17,20460,29,9,0,1,0
p17,20489,28,8,0,2,0
p17,20491,27,7,0,3,0
p17,20520,26,6,0,4,0
p17,20523,25,5,0,5,0
p17,20528,24,4,0,6,0
p17,20533,23,3,0,7,0
p17,20535,22,2,0,8,0
p17,20570,21,1,0,9,0
p17,20574,20,0,0,10,0
p17,20580,20,0,0,10,0
p17,20582,19,0,0,11,0
p17,20587,18,0,0,12,0
p17,20592,18,0,0,12,8
p17,20593,17,0,0,13,13
p17,20605,16,0,0,14,14
p17,20608,16,0,0,14,14
p17,20633,15,0,0,15,15
p17,20640,15,0,0,15,15
p17,20700,15,0,0,15,15
p17,20760,15,0,0,15,15
p17,20820,15,0,0,15,15
p17,20822,15,0,0,15,14
p17,20823,15,0,0,14,14
p17,20880,15,0,0,14,14
p17,20887,15,0,0,13,13
p17,20889,15,0,0,12,12
p17,20906,15,0,0,11,11
p17,20909,15,0,0,11,11
p17,20919,15,0,0,10,10
p17,20940,15,0,0,10,10
p17,20950,15,0,0,9,9
p17,20952,15,0,0,8,8
p17,20986,15,0,0,7,7
p17,20991,15,0,0,6,6
p17,21000,15,0,0,6,6
p17,21006,15,0,0,5,5
p17,21060,15,0,0,5,5
p17,21120,15,0,0,5,5
p17,21180,15,0,0,5,5
p17,21240,15,0,0,5,5
p17,21300,15,0,0,5,5
p17,21360,15,0,0,5,5
p17,21393,14,0,0,6,6
p17,21401,13,0,0,7,7
p17,21407,12,0,0,8,8
p17,21411,11,0,0,9,8
p17,21417,10,0,0,10,10
p17,21420,10,0,0,10,10
p17,21480,10,0,0,10,10
p17,21540,10,0,0,10,10
p17,21568,10,0,0,10,10
p17,21581,10,0,0,10,10
p17,21600,10,0,0,10,10
p17,21603,15,0,0,10,10
p17,21604,38,18,0,10,10
p17,21605,40,20,0,10,10
p17,21660,40,20,0,10,10
p17,21663,39,19,0,11,11
p17,21720,39,19,0,11,11
p17,21780,39,19,0,11,11
p17,21836,39,19,0,11,10
p17,21840,39,19,0,11,10
p17,21900,39,19,0,11,10
p17,21917,39,19,0,8,8
p17,21944,39,19,0,7,7
p17,21960,39,19,0,7,7
p17,21964,39,19,0,6,6
p17,21969,39,19,0,5,5
p17,21981,39,19,0,4,4
p17,21988,39,19,0,3,3
p17,21991,39,19,0,2,2
p17,22008,39,19,0,1,1
p17,22010,39,19,0,0,0
p17,22020,39,19,0,0,0
p17,22080,39,19,0,0,0
p17,22140,39,19,0,0,0
p17,22200,39,19,0,0,0
p17,22260,39,19,0,0,0
p17,22261,38,18,0,1,1
p17,22269,38,18,0,0,0
p17,22320,38,18,0,0,0
p17,22380,38,18,0,0,0
p17,22440,38,18,0,0,0
p17,22444,38,18,1,0,0
p17,22457,38,18,2,0,0
p17,22500,38,18,2,0,0
p17,22560,38,18,2,0,0
p17,22620,38,18,2,0,0
p17,22662,37,17,2,1,1
p17,22680,37,17,2,1,1
p17,22687,36,16,2,2,2
p17,22689,35,15,2,3,3
p17,22695,35,15,2,3,3
p17,22698,35,15,2,3,3
p17,22703,35,15,2,3,2
p17,22704,35,15,2,2,2
p17,22719,34,14,2,3,3
p17,22734,34,14,2,1,1
p17,22740,34,14,2,1,1
p17,22750,33,13,2,2,2
p17,22752,32,12,2,3,3
p17,22760,32,12,2,2,2
p17,22777,32,12,2,1,1
p17,22781,32,12,2,1,0
p17,22782,32,12,2,0,0
p17,22786,31,11,2,1,1
p17,22800,31,11,2,1,1
p17,22806,30,10,2,2,2
p17,22825,30,10,2,2,1
p17,22826,30,10,2,1,1
p17,22830,30,10,2,0,0
p17,22860,30,10,2,0,0
p17,22878,30,10,3,0,0
p17,22920,30,10,3,0,0
p17,22980,30,10,3,0,0
p17,23040,30,10,3,0,0
p17,23085,30,10,4,0,0
p17,23100,30,10,4,0,0
p17,23160,30,10,4,0,0
p17,23220,30,10,4,0,0
p17,23280,30,10,4,0,0
p17,23340,30,10,4,0,0
p17,23400,30,10,4,0,0
p17,23460,30,10,4,0,0
p17,23520,30,10,4,0,0
p17,23533,30,10,3,0,0
p17,23545,30,10,2,0,0
p17,23580,30,10,2,0,0
p17,23638,30,10,1,0,0
p17,23640,30,10,1,0,0
p17,23645,30,10,0,0,0
p17,23700,30,10,0,0,0
p17,23717,28,8,0,2,2
p17,23718,27,7,0,3,3
p17,23731,27,7,0,3,3
p17,23744,26,6,0,4,4
p17,23760,26,6,0,4,4
p17,23764,25,5,0,5,5
p17,23769,24,4,0,6,6
p17,23781,23,3,0,7,7
p17,23788,22,2,0,8,8
p17,23791,21,1,0,9,9
p17,23808,20,0,0,10,9
p17,23809,20,0,0,10,10
p17,23810,19,0,0,11,11
p17,23820,19,0,0,11,11
p17,23835,19,0,0,10,10
p17,23847,19,0,0,10,10
p17,23862,19,0,0,10,10
p17,23880,19,0,0,10,10
p17,23907,19,0,0,10,10
p17,23940,19,0,0,10,10
p17,23948,19,0,0,9,9
p17,23957,19,0,0,9,9
p17,23960,19,0,0,9,9
p17,23976,19,0,0,8,8
p17,23994,19,0,0,8,8
p17,24000,19,0,0,8,8
p17,24004,19,0,0,8,8
p17,24015,19,0,0,8,7
p17,24016,19,0,0,7,7
p17,24023,19,0,0,6,6
p17,24028,19,0,0,5,5
p17,24029,19,0,0,5,5
p17,24033,19,0,0,4,4
p17,24036,19,0,0,4,4
p17,24045,19,0,0,4,4
p17,24060,19,0,0,4,4
p17,24069,18,0,0,4,4
p17,24084,18,0,0,3,3
p17,24090,18,0,0,2,2
p17,24120,18,0,0,2,2
p17,24180,18,0,0,2,2
p17,24240,18,0,0,2,2
p17,24270,18,0,0,2,1
p17,24285,18,0,0,2,0
p17,24300,18,0,0,2,0
p17,24327,18,0,0,2,2
p17,24360,18,0,0,2,2
p17,24420,18,0,0,2,2
p17,24475,18,0,0,2,2
p17,24480,18,0,0,2,2
p17,24504,17,0,0,3,3
p17,24534,14,0,0,6,6
p17,24540,14,0,0,6,6
p17,24560,13,0,0,7,7
p17,24577,12,0,0,8,7
p17,24578,12,0,0,8,8
p17,24582,11,0,0,9,9
p17,24588,10,0,0,10,10
p17,24600,10,0,0,10,10
p17,24620,10,0,0,10,10
p17,24626,9,0,0,11,11
p17,24630,8,0,0,12,12
p17,24643,8,0,0,12,11
p17,24644,8,0,0,12,12
p17,24660,8,0,0,12,12
p17,24697,8,0,0,12,12
p17,24705,8,0,0,12,12
p17,24718,8,0,0,12,11
p17,24719,8,0,0,12,12
p17,24720,8,0,0,12,12
p17,24732,8,0,0,12,12
p17,24780,8,0,0,12,12
p17,24833,8,0,0,12,11
p17,24840,8,0,0,12,11
p17,24871,8,0,0,12,10
p17,24900,8,0,0,12,10
p17,24911,8,0,0,12,9
p17,24927,8,0,0,12,8
p17,24929,8,0,0,12,10
p17,24930,8,0,0,12,12
p17,24960,8,0,0,12,12
p17,25020,8,0,0,12,12
p17,25056,7,0,0,13,13
p17,25064,7,0,0,13,13
p17,25080,7,0,0,13,13
p17,25140,7,0,0,13,13
p17,25200,7,0,0,13,13
p17,25203,10,0,0,13,13
p17,25204,37,17,0,13,13
p17,25260,37,17,0,13,13
p17,25320,37,17,0,13,13
p17,25380,37,17,0,13,13
p17,25437,36,16,0,14,13
p17,25440,36,16,0,14,13
p17,25500,36,16,0,14,13
p17,25560,36,16,0,14,13
p17,25571,36,16,0,13,12
p17,25572,36,16,0,12,12
p17,25580,36,16,0,11,11
p17,25583,36,16,0,11,10
p17,25584,36,16,0,10,10
p17,25595,36,16,0,10,9
p17,25596,36,16,0,9,9
p17,25601,36,16,0,9,8
p17,25602,36,16,0,8,8
p17,25604,36,16,0,7,7
p17,25608,36,16,0,6,6
p17,25612,36,16,0,5,5
p17,25620,36,16,0,5,5
p17,25636,36,16,0,4,4
p17,25652,36,16,0,3,3
p17,25660,36,16,0,2,2
p17,25666,36,16,0,1,1
p17,25680,36,16,0,1,1
p17,25683,36,16,0,1,0
p17,25740,36,16,0,1,0
p17,25748,35,15,0,1,1
p17,25773,35,15,0,0,0
p17,25800,35,15,0,0,0
p17,25823,34,14,0,1,1
p17,25828,33,13,0,2,2
p17,25833,32,12,0,3,3
p17,25846,32,12,0,2,2
p17,25860,32,12,0,1,1
p17,25869,31,11,0,2,2
p17,25890,30,10,0,3,3
p17,25900,30,10,0,2,2
p17,25913,30,10,0,2,1
p17,25914,30,10,0,1,1
p17,25920,30,10,0,1,1
p17,25943,30,10,1,1,1
p17,25952,30,10,1,0,0
p17,25980,30,10,1,0,0
p17,26040,30,10,1,0,0
p17,26100,30,10,1,0,0
p17,26160,30,10,1,0,0
p17,26220,30,10,1,0,0
p17,26238,30,10,2,0,0
p17,26280,30,10,2,0,0
p17,26340,30,10,2,0,0
p17,26400,30,10,2,0,0
p17,26460,30,10,2,0,0
p17,26520,30,10,2,0,0
p17,26580,30,10,2,0,0
p17,26640,30,10,2,0,0
p17,26700,30,10,2,0,0
p17,26760,30,10,2,0,0
p17,26820,30,10,2,0,0
p17,26880,30,10,2,0,0
p17,26940,30,10,2,0,0
p17,27000,30,10,2,0,0
p17,27060,30,10,2,0,0
p17,27120,30,10,2,0,0
p17,27131,30,10,1,0,0
p17,27180,30,10,1,0,0
p17,27210,30,10,2,0,0
p17,27230,30,10,1,0,0
p17,27240,30,10,1,0,0
p17,27244,30,10,0,0,0
p17,27300,30,10,0,0,0
p17,27308,30,10,1,0,0
p17,27343,30,10,0,0,0
p17,27360,30,10,0,0,0
p17,27371,29,9,0,1,1
p17,27372,28,8,0,2,2
p17,27380,27,7,0,3,3
p17,27384,26,6,0,4,4
p17,27396,25,5,0,5,5
p17,27402,24,4,0,6,6
p17,27404,23,3,0,7,7
p17,27408,22,2,0,8,8
p17,27412,21,1,0,9,9
p17,27418,21,1,0,8,8
p17,27419,21,1,0,7,7
p17,27420,21,1,0,7,7
p17,27437,20,0,0,8,8
p17,27452,19,0,0,9,9
p17,27453,19,0,0,7,7
p17,27457,19,0,0,7,6
p17,27458,19,0,0,6,6
p17,27460,18,0,0,7,6
p17,27461,18,0,0,7,7
p17,27466,17,0,0,8,8
p17,27480,17,0,0,8,8
p17,27483,16,0,0,9,8
p17,27484,16,0,0,9,9
p17,27540,16,0,0,9,9
p17,27573,15,0,0,10,10
p17,27600,15,0,0,10,10
p17,27605,15,0,0,10,9
p17,27606,15,0,0,10,10
p17,27609,15,0,0,10,10
p17,27646,14,0,0,11,10
p17,27660,14,0,0,11,10
p17,27661,13,0,0,12,10
p17,27700,12,0,0,13,10
p17,27714,11,0,0,14,10
p17,27720,11,0,0,14,10
p17,27729,11,0,0,14,9
p17,27752,10,0,0,15,9
p17,27780,10,0,0,15,9
p17,27795,10,0,0,15,8
p17,27797,10,0,0,15,7
p17,27801,10,0,0,15,12
p17,27802,10,0,0,15,15
p17,27829,10,0,0,15,15
p17,27840,10,0,0,15,15
p17,27897,10,0,0,14,14
p17,27900,10,0,0,14,14
p17,27919,10,0,0,14,13
p17,27920,10,0,0,13,13
p17,27921,10,0,0,12,12
p17,27922,10,0,0,12,11
p17,27923,10,0,0,11,11
p17,27925,10,0,0,10,10
p17,27947,10,0,0,10,10
p17,27960,10,0,0,10,10
p17,28020,10,0,0,10,10
p17,28030,9,0,0,11,11
p17,28080,9,0,0,11,11
p17,28140,9,0,0,11,11
p17,28200,9,0,0,11,11
p17,28260,9,0,0,11,11
p17,28320,9,0,0,11,11
p17,28380,9,0,0,11,11
p17,28440,9,0,0,11,11
p17,28500,9,0,0,11,11
p17,28560,9,0,0,11,11
p17,28620,9,0,0,11,11
p17,28680,9,0,0,11,11
p17,28719,8,0,0,12,11
p17,28720,8,0,0,12,12
p17,28740,8,0,0,12,12
p17,28800,8,0,0,12,12
p17,28803,13,0,0,12,12
p17,28804,36,16,0,12,12
p17,28805,38,18,0,12,12
p17,28860,38,18,0,12,12
p17,28920,38,18,0,12,12
p17,28963,38,18,0,11,11
p17,28979,38,18,0,10,10
p17,28980,38,18,0,10,10
p17,28996,38,18,0,10,9
p17,29040,38,18,0,10,9
p17,29044,38,18,0,8,8
p17,29053,38,18,0,7,7
p17,29057,38,18,0,6,6
p17,29077,38,18,0,6,5
p17,29078,38,18,0,5,5
p17,29100,38,18,0,5,5
p17,29106,38,18,0,4,4
p17,29126,38,18,0,3,3
p17,29154,38,18,0,3,2
p17,29155,38,18,0,2,2
p17,29159,38,18,0,2,1
p17,29160,38,18,0,1,1
p17,29165,38,18,0,0,0
p17,29219,37,17,0,1,1
p17,29220,37,17,0,1,1
p17,29227,37,17,0,0,0
p17,29238,36,16,0,1,1
p17,29253,34,14,0,3,2
p17,29254,34,14,0,3,3
p17,29262,34,14,0,3,2
p17,29263,34,14,0,2,2
p17,29273,34,14,0,1,1
p17,29280,34,14,0,1,1
p17,29281,34,14,0,0,0
p17,29340,34,14,0,0,0
p17,29400,34,14,0,0,0
p17,29431,34,14,1,0,0
p17,29460,34,14,1,0,0
p17,29520,34,14,1,0,0
p17,29580,34,14,1,0,0
p17,29640,34,14,1,0,0
p17,29686,33,13,1,1,0
p17,29697,32,12,1,2,2
p17,29700,32,12,1,2,2
p17,29720,31,11,1,3,3
p17,29723,30,10,1,4,4
p17,29754,30,10,1,4,3
p17,29755,30,10,1,3,3
p17,29759,30,10,1,2,2
p17,29760,30,10,1,1,1
p17,29761,30,10,1,0,0
p17,29820,30,10,1,0,0
p17,29880,30,10,1,0,0
p17,29940,30,10,1,0,0
p17,30000,30,10,1,0,0
p17,30012,30,10,2,0,0
p17,30060,30,10,2,0,0
p17,30120,30,10,2,0,0
p17,30180,30,10,2,0,0
p17,30240,30,10,2,0,0
p17,30300,30,10,2,0,0
p17,30360,30,10,2,0,0
p17,30383,30,10,3,0,0
p17,30420,30,10,3,0,0
p17,30480,30,10,3,0,0
p17,30540,30,10,3,0,0
p17,30600,30,10,3,0,0
p17,30627,30,10,2,0,0
p17,30631,30,10,1,0,0
p17,30660,30,10,1,0,0
p17,30720,30,10,1,0,0
p17,30763,29,9,1,1,1
p17,30776,29,9,0,1,1
p17,30780,28,8,0,2,2
p17,30796,27,7,0,3,3
p17,30821,27,7,0,2,2
p17,30825,27,7,0,1,1
p17,30828,27,7,0,0,0
p17,30840,27,7,0,0,0
p17,30844,26,6,0,1,1
p17,30846,26,6,0,0,0
p17,30853,25,5,0,1,1
p17,30857,24,4,0,2,2
p17,30878,23,3,0,3,3
p17,30900,23,3,0,3,3
p17,30905,23,3,0,3,2
p17,30906,22,2,0,3,3
p17,30919,22,2,0,2,2
p17,30926,21,1,0,3,3
p17,30927,21,1,0,2,2
p17,30953,21,1,0,1,1
p17,30955,20,0,0,2,2
p17,30960,19,0,0,3,3
p17,30965,19,0,0,3,4
p17,30966,18,0,0,4,4
p17,30968,18,0,0,3,3
p17,31020,18,0,0,3,3
p17,31027,17,0,0,4,3
p17,31063,16,0,0,5,3
p17,31073,15,0,0,6,3
p17,31080,15,0,0,6,3
p17,31082,14,0,0,7,3
p17,31117,14,0,0,7,2
p17,31140,14,0,0,7,2
p17,31144,14,0,0,7,1
p17,31150,14,0,0,7,4
p17,31151,14,0,0,7,7
p17,31167,14,0,0,7,6
p17,31200,14,0,0,7,6
p17,31251,14,0,0,7,6
p17,31252,14,0,0,7,7
p17,31260,14,0,0,7,7
p17,31309,14,0,0,7,7
p17,31320,14,0,0,7,7
p17,31344,14,0,0,6,6
p17,31380,14,0,0,6,6
p17,31440,14,0,0,6,6
p17,31500,14,0,0,6,6
p17,31525,14,0,0,6,5
p17,31555,13,0,0,7,5
p17,31559,12,0,0,8,5
p17,31560,11,0,0,9,5
p17,31561,10,0,0,10,5
p17,31620,10,0,0,10,5
p17,31680,10,0,0,10,5
p17,31710,10,0,0,10,10
p17,31740,10,0,0,10,10
p17,31766,10,0,0,10,10
p17,31800,9,0,0,11,11
p17,31803,9,0,0,11,11
p17,31860,9,0,0,11,11
p17,31920,9,0,0,11,11
p17,31980,9,0,0,11,11
p17,32040,9,0,0,11,11
p17,32087,8,0,0,12,12
p17,32100,8,0,0,12,12
p17,32160,8,0,0,12,12
p17,32220,8,0,0,12,12
p17,32280,8,0,0,12,12
p17,32340,8,0,0,12,12
p17,32377,7,0,0,13,13
p17,32400,7,0,0,13,13
p17,32402,8,0,0,13,13
p17,32403,26,6,0,13,13
p17,32404,37,17,0,13,13
p17,32460,37,17,0,13,13
p17,32520,37,17,0,13,13
p17,32580,37,17,0,13,13
p17,32625,36,16,0,14,14
p17,32629,35,15,0,15,15
p17,32640,35,15,0,15,15
p17,32646,34,14,0,16,16
p17,32700,34,14,0,16,16
p17,32719,33,13,0,17,16
p17,32728,32,12,0,18,16
p17,32753,31,11,0,19,16
p17,32760,31,11,0,19,16
p17,32768,30,10,0,20,16
p17,32820,30,10,0,20,16
p17,32870,30,10,0,17,17
p17,32880,30,10,0,17,17
p17,32892,30,10,0,16,16
p17,32894,30,10,0,15,15
p17,32895,30,10,0,14,14
p17,32940,30,10,0,14,14
p17,32952,30,10,0,13,13
p17,32955,30,10,0,12,12
p17,32959,30,10,0,12,11
p17,32960,30,10,0,11,11
p17,32992,30,10,0,10,10
p17,33000,30,10,0,10,10
p17,33016,30,10,0,9,9
p17,33018,30,10,0,8,8
p17,33029,30,10,0,7,7
p17,33038,30,10,0,6,6
p17,33041,30,10,0,5,5
p17,33048,30,10,0,4,4
p17,33060,30,10,0,4,4
p17,33066,30,10,0,4,3
p17,33067,30,10,0,3,3
p17,33071,30,10,0,2,2
p17,33092,30,10,0,1,1
p17,33097,30,10,0,1,0
p17,33098,30,10,0,0,0
p17,33120,30,10,0,0,0
p17,33180,30,10,0,0,0
p17,33240,30,10,0,0,0
p17,33284,30,10,1,0,0
p17,33300,30,10,1,0,0
p17,33360,30,10,1,0,0
p17,33420,30,10,1,0,0
p17,33480,30,10,1,0,0
p17,33540,30,10,1,0,0
p17,33600,30,10,1,0,0
p17,33660,30,10,1,0,0
p17,33720,30,10,1,0,0
p17,33780,30,10,1,0,0
p17,33840,30,10,1,0,0
p17,33900,30,10,1,0,0
p17,33960,30,10,1,0,0
p17,34020,30,10,1,0,0
p17,34080,30,10,1,0,0
p17,34140,30,10,1,0,0
p17,34200,30,10,1,0,0
p17,34235,30,10,0,0,0
p17,34260,30,10,0,0,0
p17,34320,30,10,0,0,0
p17,34380,30,10,0,0,0
p17,34440,30,10,0,0,0
p17,34500,30,10,0,0,0
p17,34560,30,10,0,0,0
p17,34620,30,10,0,0,0
p17,34670,27,7,0,3,2
p17,34671,27,7,0,3,3
p17,34676,27,7,0,2,2
p17,34680,27,7,0,2,2
p17,34685,27,7,0,2,2
p17,34692,26,6,1,3,2
p17,34693,26,6,1,3,3
p17,34694,25,5,1,4,4
p17,34695,24,4,1,5,5
p17,34707,24,4,1,5,5
p17,34709,24,4,1,5,5
p17,34710,24,4,1,4,4
p17,34711,24,4,1,3,3
p17,34740,24,4,1,3,3
p17,34752,23,3,1,4,3
p17,34755,22,2,1,5,3
p17,34760,21,1,1,6,3
p17,34792,20,0,1,7,3
p17,34800,20,0,1,7,3
p17,34808,20,0,0,7,3
p17,34816,19,0,0,8,3
p17,34818,18,0,0,9,3
p17,34829,17,0,0,10,3
p17,34838,16,0,0,11,3
p17,34841,15,0,0,12,3
p17,34848,14,0,0,13,3
p17,34860,14,0,0,13,3
p17,34867,13,0,0,14,3
p17,34871,12,0,0,15,3
p17,34885,12,0,0,15,2
p17,34886,12,0,0,15,1
p17,34892,11,0,0,16,1
p17,34894,11,0,0,16,2
p17,34895,11,0,0,16,16
p17,34898,10,0,0,17,17
p17,34920,10,0,0,17,17
p17,34980,10,0,0,17,17
p17,34989,10,0,0,17,17
p17,34991,10,0,0,17,16
p17,34992,10,0,0,17,17
p17,34994,10,0,0,17,16
p17,34995,10,0,0,17,17
p17,34999,10,0,0,17,17
p17,35002,10,0,0,17,17
p17,35040,10,0,0,17,17
p17,35086,10,0,0,16,16
p17,35090,10,0,0,15,15
p17,35100,10,0,0,15,15
p17,35104,10,0,0,14,14
p17,35123,10,0,0,13,13
p17,35150,10,0,0,13,12
p17,35151,10,0,0,12,12
p17,35158,10,0,0,11,11
p17,35160,10,0,0,11,11
p17,35170,10,0,0,10,10
p17,35220,10,0,0,10,10
p17,35280,10,0,0,10,10
p17,35306,10,0,0,10,9
p17,35308,10,0,0,10,8
p17,35310,10,0,0,10,7
p17,35312,10,0,0,10,6
p17,35340,10,0,0,10,6
p17,35400,10,0,0,10,6
p17,35430,10,0,0,10,10
p17,35460,10,0,0,10,10
p17,35520,10,0,0,10,10
p17,35571,10,0,0,10,9
p17,35572,10,0,0,10,10
p17,35580,10,0,0,10,10
p17,35640,10,0,0,10,10
p17,35700,10,0,0,10,10
p17,35760,10,0,0,10,10
p17,35820,10,0,0,10,10
p17,35880,10,0,0,10,10
p17,35939,9,0,0,11,10
p17,35940,9,0,0,11,10
p17,35975,9,0,0,11,11
p17,36000,9,0,0,11,11
p17,36002,19,0,0,11,11
p17,36003,39,19,0,11,11
p17,36060,39,19,0,11,11
p17,36120,39,19,0,11,11
p17,36180,39,19,0,11,11
p17,36240,39,19,0,11,11
p17,36300,39,19,0,11,11
p17,36360,39,19,0,11,11
p17,36420,39,19,0,11,11
p17,36476,38,18,0,12,11
p17,36480,38,18,0,12,11
p17,36485,38,18,0,12,10
p17,36510,37,17,0,13,10
p17,36512,36,16,0,14,10
p17,36540,36,16,0,14,10
p17,36546,36,16,0,14,11
p17,36547,36,16,0,14,14
p17,36554,36,16,0,13,13
p17,36600,36,16,0,13,13
p17,36601,36,16,0,12,12
p17,36609,36,16,0,11,11
p17,36613,36,16,0,10,10
p17,36621,36,16,0,10,9
p17,36622,36,16,0,9,9
p17,36641,36,16,0,8,8
p17,36646,36,16,0,8,8
p17,36652,36,16,0,7,7
p17,36655,36,16,0,7,6
p17,36656,36,16,0,6,6
p17,36659,36,16,0,5,5
p17,36660,36,16,0,5,5
p17,36662,36,16,0,4,4
p17,36689,36,16,0,3,3
p17,36705,36,16,0,2,2
p17,36706,36,16,0,1,1
p17,36720,36,16,0,1,1
p17,36725,36,16,0,0,0
p17,36770,35,15,0,1,1
p17,36779,35,15,0,1,0
p17,36780,35,15,0,0,0
p17,36840,35,15,0,0,0
p17,36900,35,15,0,0,0
p17,36904,34,14,0,1,0
p17,36923,33,13,0,2,0
p17,36951,32,12,0,3,0
p17,36959,31,11,0,4,0
p17,36960,31,11,0,4,0
p17,36970,30,10,0,5,0
p17,37020,30,10,0,5,0
p17,37080,30,10,0,5,0
p17,37088,30,10,0,5,5
p17,37140,30,10,0,5,5
p17,37200,30,10,0,5,5
p17,37260,30,10,0,5,5
p17,37275,30,10,0,4,4
p17,37281,30,10,0,3,3
p17,37289,30,10,0,2,2
p17,37299,30,10,0,1,1
p17,37301,30,10,0,0,0
p17,37320,30,10,0,0,0
p17,37380,30,10,0,0,0
p17,37440,30,10,0,0,0
p17,37500,30,10,0,0,0
p17,37560,30,10,0,0,0
p17,37620,30,10,0,0,0
p17,37680,30,10,0,0,0
p17,37740,30,10,0,0,0
p17,37800,30,10,0,0,0
p17,37860,30,10,0,0,0
p17,37920,30,10,0,0,0
p17,37980,30,10,0,0,0
p17,38040,30,10,0,0,0
p17,38100,30,10,0,0,0
p17,38160,30,10,0,0,0
p17,38220,30,10,0,0,0
p17,38280,30,10,0,0,0
p17,38340,30,10,0,0,0
p17,38354,29,9,0,1,1
p17,38363,29,9,0,0,0
p17,38400,29,9,0,0,0
p17,38401,28,8,0,1,0
p17,38410,27,7,0,2,0
p17,38413,26,6,0,3,0
p17,38422,25,5,0,4,0
p17,38441,24,4,0,5,0
p17,38453,23,3,0,6,0
p17,38456,22,2,0,7,0
p17,38460,21,1,0,8,0
p17,38462,20,0,0,9,0
p17,38489,19,0,0,10,0
p17,38505,18,0,0,11,0
p17,38506,17,0,0,12,0
p17,38520,17,0,0,12,0
p17,38525,16,0,0,13,0
p17,38540,16,0,0,13,4
p17,38541,16,0,0,13,13
p17,38580,15,0,0,14,14
p17,38640,15,0,0,14,14
p17,38700,15,0,0,14,14
p17,38711,15,0,0,14,14
p17,38760,15,0,0,14,14
p17,38765,15,0,0,13,13
p17,38775,15,0,0,12,12
p17,38803,15,0,0,11,11
p17,38804,15,0,0,10,10
p17,38817,15,0,0,10,9
p17,38818,15,0,0,10,10
p17,38820,15,0,0,10,10
p17,38822,15,0,0,9,9
p17,38829,15,0,0,8,8
p17,38837,15,0,0,7,7
p17,38838,15,0,0,6,6
p17,38858,15,0,0,5,5
p17,38880,15,0,0,5,5
p17,38940,15,0,0,5,5
p17,39000,15,0,0,5,5
p17,39060,15,0,0,5,5
p17,39075,14,0,0,6,6
p17,39081,13,0,0,7,7
p17,39089,12,0,0,8,8
p17,39099,11,0,0,9,9
p17,39101,10,0,0,10,10
p17,39120,10,0,0,10,10
p17,39180,10,0,0,10,10
p17,39240,10,0,0,10,10
p17,39300,10,0,0,10,10
p17,39360,10,0,0,10,10
p17,39420,10,0,0,10,10
p17,39480,10,0,0,10,10
p17,39540,10,0,0,10,10
p17,39600,10,0,0,10,10
p17,39603,16,0,0,10,10
p17,39604,37,17,0,10,10
p17,39605,40,20,0,10,10
p17,39624,40,20,0,9,9
p17,39630,40,20,0,8,8
p17,39644,40,20,0,7,7
p17,39656,40,20,0,6,6
p17,39660,40,20,0,6,6
p17,39667,40,20,0,5,5
p17,39689,40,20,0,4,4
p17,39701,40,20,0,3,3
p17,39706,40,20,0,2,2
p17,39717,40,20,0,1,1
p17,39720,40,20,0,1,1
p17,39757,40,20,0,0,0
p17,39780,40,20,0,0,0
p17,39840,40,20,0,0,0
p17,39900,40,20,0,0,0
p17,39960,40,20,0,0,0
p17,40020,40,20,0,0,0
p17,40080,40,20,0,0,0
p17,40140,40,20,0,0,0
p17,40163,39,19,0,1,1
p17,40200,39,19,0,1,1
p17,40260,39,19,0,1,1
p17,40295,39,19,0,0,0
p17,40316,39,19,1,0,0
p17,40320,39,19,1,0,0
p17,40380,39,19,1,0,0
p17,40440,39,19,1,0,0
p17,40500,39,19,1,0,0
p17,40560,39,19,1,0,0
p17,40566,38,18,1,1,0
p17,40575,37,17,1,2,0
p17,40603,36,16,1,3,0
p17,40604,35,15,1,4,0
p17,40620,35,15,1,4,0
p17,40622,34,14,1,5,0
p17,40629,33,13,1,6,0
p17,40637,32,12,1,7,0
p17,40638,31,11,1,8,0
p17,40641,31,11,2,8,0
p17,40645,31,11,2,8,8
p17,40658,30,10,2,9,9
p17,40680,30,10,2,9,9
p17,40740,30,10,2,9,9
p17,40800,30,10,2,9,9
p17,40804,30,10,2,8,8
p17,40829,30,10,2,7,6
p17,40830,30,10,2,6,6
p17,40831,30,10,2,5,5
p17,40836,30,10,2,4,3
p17,40837,30,10,2,3,3
p17,40850,30,10,2,2,2
p17,40855,30,10,2,2,1
p17,40856,30,10,2,1,1
p17,40859,30,10,2,0,0
p17,40860,30,10,2,0,0
p17,40920,30,10,2,0,0
p17,40980,30,10,2,0,0
p17,41040,30,10,2,0,0
p17,41100,30,10,2,0,0
p17,41160,30,10,2,0,0
p17,41220,30,10,2,0,0
p17,41280,30,10,2,0,0
p17,41340,30,10,2,0,0
p17,41346,30,10,3,0,0
p17,41400,30,10,3,0,0
p17,41424,29,9,3,1,1
p17,41430,28,8,3,2,2
p17,41434,28,8,3,2,2
p17,41441,28,8,3,1,1
p17,41444,27,7,3,2,2
p17,41445,27,7,3,2,2
p17,41446,27,7,3,1,1
p17,41447,27,7,3,0,0
p17,41456,26,6,3,1,1
p17,41459,26,6,3,1,1
p17,41460,26,6,3,1,1
p17,41467,25,5,1,2,1
p17,41468,25,5,0,2,1
p17,41489,24,4,0,3,1
p17,41501,23,3,0,4,1
p17,41506,22,2,0,5,1
p17,41518,21,1,0,6,1
p17,41520,21,1,0,6,1
p17,41557,20,0,0,7,1
p17,41580,20,0,0,7,1
p17,41618,20,0,0,7,0
p17,41619,20,0,0,7,7
p17,41640,20,0,0,7,7
p17,41697,20,0,0,7,7
p17,41700,20,0,0,7,7
p17,41760,20,0,0,7,7
p17,41773,20,0,0,7,7
p17,41795,20,0,0,7,7
p17,41820,20,0,0,7,7
p17,41833,20,0,0,6,6
p17,41858,20,0,0,5,5
p17,41862,20,0,0,4,4
p17,41880,20,0,0,4,4
p17,41882,20,0,0,3,3
p17,41883,20,0,0,2,2
p17,41884,20,0,0,1,1
p17,41936,20,0,0,0,0
p17,41940,20,0,0,0,0
p17,42000,20,0,0,0,0
p17,42060,20,0,0,0,0
p17,42095,19,0,0,1,0
p17,42116,19,0,0,1,1
p17,42120,19,0,0,1,1
p17,42180,19,0,0,1,1
p17,42240,19,0,0,1,1
p17,42300,19,0,0,1,1
p17,42360,19,0,0,1,1
p17,42420,19,0,0,1,1
p17,42480,19,0,0,1,1
p17,42530,18,0,0,2,1
p17,42540,18,0,0,2,1
p17,42592,18,0,0,2,2
p17,42600,18,0,0,2,2
p17,42604,17,0,0,3,3
p17,42629,16,0,0,4,4
p17,42630,15,0,0,5,5
p17,42632,14,0,0,6,6
p17,42636,13,0,0,7,7
p17,42637,12,0,0,8,8
p17,42650,11,0,0,9,9
p17,42656,10,0,0,10,10
p17,42659,9,0,0,11,11
p17,42660,9,0,0,11,11
p17,42720,9,0,0,11,11
p17,42780,9,0,0,11,11
p17,42840,9,0,0,11,11
p17,42859,8,0,0,12,12
p17,42900,8,0,0,12,12
p17,42960,8,0,0,12,12
p17,43020,8,0,0,12,12
p17,43080,8,0,0,12,12
p17,43140,8,0,0,12,12
p17,43200,8,0,0,12,12
p17,43202,10,0,0,12,12
p17,43203,33,13,0,12,12
p17,43204,38,18,0,12,12
p17,43241,37,17,0,13,13
p17,43246,36,16,0,14,14
p17,43247,35,15,0,15,15
p17,43260,35,15,0,15,15
p17,43320,35,15,0,15,15
p17,43352,35,15,0,15,15
p17,43380,35,15,0,15,15
p17,43440,35,15,0,15,15
p17,43500,35,15,0,15,15
p17,43552,35,15,0,15,14
p17,43560,35,15,0,15,14
p17,43616,34,14,0,16,14
p17,43620,34,14,0,16,14
p17,43633,33,13,0,17,14
p17,43658,32,12,0,18,14
p17,43660,32,12,0,17,14
p17,43661,32,12,0,15,15
p17,43662,31,11,0,16,16
p17,43664,31,11,0,15,15
p17,43673,31,11,0,15,14
p17,43674,31,11,0,14,14
p17,43680,31,11,0,14,14
p17,43683,30,10,0,15,15
p17,43693,30,10,0,14,14
p17,43705,30,10,0,13,13
p17,43708,30,10,0,12,12
p17,43711,30,10,0,11,11
p17,43726,30,10,0,10,10
p17,43740,30,10,0,10,10
p17,43743,30,10,0,9,9
p17,43755,30,10,0,8,8
p17,43758,30,10,0,7,7
p17,43800,30,10,0,7,7
p17,43824,30,10,0,6,6
p17,43832,30,10,0,6,5
p17,43833,30,10,0,5,5
p17,43854,30,10,0,4,4
p17,43860,30,10,0,4,4
p17,43886,30,10,0,3,3
p17,43887,30,10,0,2,2
p17,43894,30,10,0,1,1
p17,43895,30,10,0,1,0
p17,43896,30,10,0,0,0
p17,43920,30,10,0,0,0
p17,43980,30,10,0,0,0
p17,44040,30,10,0,0,0
p17,44100,30,10,0,0,0
p17,44128,30,10,1,0,0
p17,44160,30,10,1,0,0
p17,44220,30,10,1,0,0
p17,44280,30,10,1,0,0
p17,44340,30,10,1,0,0
p17,44400,30,10,1,0,0
p17,44460,30,10,1,0,0
p17,44520,30,10,1,0,0
p17,44547,30,10,2,0,0
p17,44580,30,10,2,0,0
p17,44640,30,10,2,0,0
p17,44700,30,10,2,0,0
p17,44760,30,10,2,0,0
p17,44820,30,10,2,0,0
p17,44880,30,10,2,0,0
p17,44940,30,10,2,0,0
p17,45000,30,10,2,0,0
p17,45060,30,10,2,0,0
p17,45120,30,10,2,0,0
p17,45145,30,10,1,0,0
p17,45159,30,10,0,0,0
p17,45180,30,10,0,0,0
p17,45240,30,10,0,0,0
p17,45300,30,10,0,0,0
p17,45360,30,10,0,0,0
p17,45420,30,10,0,0,0
p17,45461,27,7,0,3,0
p17,45464,26,6,0,4,0
p17,45474,25,5,0,5,0
p17,45480,25,5,0,5,0
p17,45493,24,4,0,6,0
p17,45505,23,3,0,7,0
p17,45509,22,2,0,8,0
p17,45511,21,1,0,9,0
p17,45517,21,1,0,9,1
p17,45518,21,1,0,9,9
p17,45526,20,0,0,10,10
p17,45540,20,0,0,10,10
p17,45543,19,0,0,11,11
p17,45556,18,0,0,12,12
p17,45558,17,0,0,13,13
p17,45566,17,0,0,13,13
p17,45600,17,0,0,13,13
p17,45624,16,0,0,14,14
p17,45633,15,0,0,15,15
p17,45654,14,0,0,16,16
p17,45660,14,0,0,16,16
p17,45686,13,0,0,17,17
p17,45687,12,0,0,18,18
p17,45694,11,0,0,19,19
p17,45696,10,0,0,20,20
p17,45720,10,0,0,20,20
p17,45747,10,0,0,19,19
p17,45753,10,0,0,19,18
p17,45754,10,0,0,18,18
p17,45763,10,0,0,17,17
p17,45765,10,0,0,16,16
p17,45778,10,0,0,15,15
p17,45780,10,0,0,15,15
p17,45810,10,0,0,15,15
p17,45837,10,0,0,13,13
p17,45840,10,0,0,13,13
p17,45859,10,0,0,12,12
p17,45860,10,0,0,12,11
p17,45861,10,0,0,11,11
p17,45871,10,0,0,10,10
p17,45900,10,0,0,10,10
p17,45960,10,0,0,10,10
p17,46020,10,0,0,10,10
p17,46080,10,0,0,10,10
p17,46140,10,0,0,10,10
p17,46200,10,0,0,10,10
p17,46260,10,0,0,10,10
p17,46320,10,0,0,10,10
p17,46380,10,0,0,10,10
p17,46440,10,0,0,10,10
p17,46500,10,0,0,10,10
p17,46547,9,0,0,11,10
p17,46548,9,0,0,11,11
p17,46560,9,0,0,11,11
p17,46620,9,0,0,11,11
p17,46680,9,0,0,11,11
p17,46740,9,0,0,11,11
p17,46800,9,0,0,11,11
p17,46802,13,0,0,11,11
p17,46803,29,9,0,11,11
p17,46860,29,9,0,11,11
p17,46920,29,9,0,11,11
p17,46956,38,18,0,12,11
p17,46980,38,18,0,12,11
p17,47036,38,18,0,8,8
p17,47037,38,18,0,7,7
p17,47040,38,18,0,7,7
p17,47055,38,18,0,7,6
p17,47056,38,18,0,5,5
p17,47067,38,18,0,4,4
p17,47083,38,18,0,3,3
p17,47084,38,18,0,2,2
p17,47100,38,18,0,2,2
p17,47107,38,18,0,1,1
p17,47140,38,18,0,0,0
p17,47160,38,18,0,0,0
p17,47220,38,18,0,0,0
p17,47280,38,18,0,0,0
p17,47340,38,18,0,0,0
p17,47400,38,18,0,0,0
p17,47460,38,18,0,0,0
p17,47520,38,18,0,0,0
p17,47547,37,17,0,1,1
p17,47564,36,16,0,2,2
p17,47565,35,15,0,3,3
p17,47580,35,15,0,3,3
p17,47613,35,15,0,2,2
p17,47629,35,15,0,1,1
p17,47637,33,13,0,3,3
p17,47640,33,13,0,3,3
p17,47645,33,13,0,2,2
p17,47655,33,13,0,1,1
p17,47659,32,12,0,2,2
p17,47661,31,11,0,3,3
p17,47672,30,10,0,4,4
p17,47678,30,10,0,3,3
p17,47694,30,10,0,2,2
p17,47697,30,10,0,1,1
p17,47700,30,10,0,1,1
p17,47703,30,10,0,0,0
p17,47760,30,10,0,0,0
p17,47820,30,10,0,0,0
p17,47880,30,10,0,0,0
p17,47940,30,10,0,0,0
p17,48000,30,10,0,0,0
p17,48060,30,10,0,0,0
p17,48120,30,10,0,0,0
p17,48180,30,10,0,0,0
p17,48240,30,10,0,0,0
p17,48300,30,10,0,0,0
p17,48360,30,10,0,0,0
p17,48420,30,10,0,0,0
p17,48480,30,10,0,0,0
p17,48540,30,10,0,0,0
p17,48600,30,10,0,0,0
p17,48660,30,10,0,0,0
p17,48720,30,10,0,0,0
p17,48780,30,10,0,0,0
p17,48836,27,7,0,3,0
p17,48837,25,5,0,5,0
p17,48840,25,5,0,5,0
p17,48856,23,3,0,7,0
p17,48868,22,2,0,8,0
p17,48883,21,1,0,9,0
p17,48884,20,0,0,10,0
p17,48896,20,0,0,10,3
p17,48897,20,0,0,10,10
p17,48900,20,0,0,10,10
p17,48907,19,0,0,11,11
p17,48941,18,0,0,12,12
p17,48960,18,0,0,12,12
p17,49020,18,0,0,12,12
p17,49075,18,0,0,11,11
p17,49080,18,0,0,11,11
p17,49081,18,0,0,10,10
p17,49090,18,0,0,10,10
p17,49092,18,0,0,9,9
p17,49111,18,0,0,8,8
p17,49126,18,0,0,7,7
p17,49127,18,0,0,6,6
p17,49135,18,0,0,5,5
p17,49140,18,0,0,5,5
p17,49190,18,0,0,4,4
p17,49200,18,0,0,4,4
p17,49204,18,0,0,4,3
p17,49209,18,0,0,2,2
p17,49260,18,0,0,2,2
p17,49320,18,0,0,2,2
p17,49380,18,0,0,2,2
p17,49413,17,0,0,3,3
p17,49429,16,0,0,4,4
p17,49440,16,0,0,4,4
p17,49445,15,0,0,5,5
p17,49455,14,0,0,6,6
p17,49478,13,0,0,7,7
p17,49494,12,0,0,8,8
p17,49497,11,0,0,9,9
p17,49500,11,0,0,9,9
p17,49503,10,0,0,10,10
p17,49560,10,0,0,10,10
p17,49620,10,0,0,10,10
p17,49680,10,0,0,10,10
p17,49725,10,0,0,10,9
p17,49740,10,0,0,10,9
p17,49800,10,0,0,10,9
p17,49860,10,0,0,10,10
p17,49920,10,0,0,10,10
p17,49980,10,0,0,10,10
p17,50040,10,0,0,10,10
p17,50100,10,0,0,10,10
p17,50160,10,0,0,10,10
p17,50220,10,0,0,10,10
p17,50280,10,0,0,10,10
p17,50340,10,0,0,10,10
p17,50400,10,0,0,10,10
p17,50402,28,8,0,10,10
p17,50403,40,20,0,10,10
p17,50460,40,20,0,10,10
p17,50520,40,20,0,10,10
p17,50580,40,20,0,10,10
p17,50640,40,20,0,10,10
p17,50700,40,20,0,10,10
p17,50760,40,20,0,10,10
p17,50820,40,20,0,10,10
p17,50858,40,20,0,8,7
p17,50859,40,20,0,6,6
p17,50867,40,20,0,5,5
p17,50875,39,19,0,6,6
p17,50880,39,19,0,6,6
p17,50882,38,18,0,7,7
p17,50892,37,17,0,8,8
p17,50899,37,17,0,6,6
p17,50911,36,16,0,7,6
p17,50912,36,16,0,7,7
p17,50920,36,16,0,6,6
p17,50926,35,15,0,6,6
p17,50927,34,14,0,7,7
p17,50933,34,14,0,6,6
p17,50935,33,13,0,7,7
p17,50940,33,13,0,7,7
p17,50951,33,13,0,6,6
p17,50961,33,13,0,5,5
p17,50968,33,13,0,4,4
p17,50972,33,13,0,3,3
p17,50987,33,13,0,2,2
p17,50990,32,12,0,3,3
p17,51000,32,12,0,3,3
p17,51004,31,11,0,4,4
p17,51009,30,10,0,5,5
p17,51021,30,10,0,4,4
p17,51030,30,10,0,3,3
p17,51035,30,10,0,3,2
p17,51050,30,10,0,1,1
p17,51060,30,10,0,1,1
p17,51077,30,10,0,0,0
p17,51120,30,10,0,0,0
p17,51180,30,10,0,0,0
p17,51240,30,10,0,0,0
p17,51300,30,10,0,0,0
p17,51360,30,10,0,0,0
p17,51420,30,10,0,0,0
p17,51480,30,10,0,0,0
p17,51540,30,10,0,0,0
p17,51600,30,10,0,0,0
p17,51660,30,10,0,0,0
p17,51720,30,10,0,0,0
p17,51780,30,10,0,0,0
p17,51840,30,10,0,0,0
p17,51900,30,10,0,0,0
p17,51960,30,10,0,0,0
p17,52020,30,10,0,0,0
p17,52080,30,10,0,0,0
p17,52140,30,10,0,0,0
p17,52200,30,10,0,0,0
p17,52260,30,10,0,0,0
p17,52320,30,10,0,0,0
p17,52380,30,10,0,0,0
p17,52440,30,10,0,0,0
p17,52500,30,10,0,0,0
p17,52560,30,10,0,0,0
p17,52620,30,10,0,0,0
p17,52658,28,8,0,2,0
p17,52659,26,6,0,4,0
p17,52664,26,6,0,4,4
p17,52667,25,5,0,5,5
p17,52680,25,5,0,5,5
p17,52699,23,3,0,7,6
p17,52700,23,3,0,7,7
p17,52720,22,2,0,8,8
p17,52726,21,1,0,9,9
p17,52733,20,0,0,10,10
p17,52740,20,0,0,10,10
p17,52751,19,0,0,11,11
p17,52761,18,0,0,12,12
p17,52768,17,0,0,13,13
p17,52772,16,0,0,14,13
p17,52773,16,0,0,14,14
p17,52787,15,0,0,15,15
p17,52800,15,0,0,15,15
p17,52821,14,0,0,16,16
p17,52831,13,0,0,17,17
p17,52835,12,0,0,18,18
p17,52850,11,0,0,19,19
p17,52860,11,0,0,19,19
p17,52877,10,0,0,20,20
p17,52892,10,0,0,19,19
p17,52894,10,0,0,18,18
p17,52920,10,0,0,18,18
p17,52929,10,0,0,17,17
p17,52932,10,0,0,16,16
p17,52948,10,0,0,15,15
p17,52967,10,0,0,15,14
p17,52968,10,0,0,14,14
p17,52972,10,0,0,14,13
p17,52973,10,0,0,13,13
p17,52980,10,0,0,13,13
p17,52985,10,0,0,12,12
p17,52988,10,0,0,10,10
p17,53040,10,0,0,10,10
p17,53100,10,0,0,10,10
p17,53160,10,0,0,10,10
p17,53220,10,0,0,10,10
p17,53280,10,0,0,10,10
p17,53340,10,0,0,10,10
p17,53400,10,0,0,10,10
p17,53460,10,0,0,10,10
p17,53520,10,0,0,10,10
p17,53580,10,0,0,10,10
p17,53640,10,0,0,10,10
p17,53700,10,0,0,10,10
p17,53760,10,0,0,10,10
p17,53820,10,0,0,10,10
p17,53880,10,0,0,10,10
p17,53940,10,0,0,10,10
p17,54000,10,0,0,10,10
p17,54002,20,0,0,10,10
p17,54003,40,20,0,10,10
p17,54060,40,20,0,10,10
p17,54120,40,20,0,8,8
p17,54121,40,20,0,7,7
p17,54122,40,20,0,6,6
p17,54136,40,20,0,6,5
p17,54137,40,20,0,5,5
p17,54150,40,20,0,4,4
p17,54167,40,20,0,3,3
p17,54169,40,20,0,2,2
p17,54172,40,20,0,1,1
p17,54179,40,20,0,0,0
p17,54180,40,20,0,0,0
p17,54240,40,20,0,0,0
p17,54300,40,20,0,0,0
p17,54360,40,20,0,0,0
p17,54420,40,20,0,0,0
p17,54480,40,20,0,0,0
p17,54540,40,20,0,0,0
p17,54600,40,20,0,0,0
p17,54660,40,20,0,0,0
p17,54692,39,19,0,1,1
p17,54694,38,18,0,2,2
p17,54699,38,18,0,1,1
p17,54720,38,18,0,1,1
p17,54726,38,18,0,0,0
p17,54730,37,17,0,1,1
p17,54732,36,16,0,2,2
p17,54743,36,16,0,1,1
p17,54745,36,16,0,0,0
p17,54748,35,15,0,1,1
p17,54768,34,14,0,2,2
p17,54773,33,13,0,3,3
p17,54780,33,13,0,3,3
p17,54785,32,12,0,4,4
p17,54788,31,11,0,5,5
p17,54789,30,10,0,6,6
p17,54797,30,10,0,5,5
p17,54823,30,10,0,4,4
p17,54826,30,10,0,3,3
p17,54840,30,10,0,3,3
p17,54849,30,10,0,2,2
p17,54873,30,10,0,1,1
p17,54875,30,10,0,0,0
p17,54900,30,10,0,0,0
p17,54960,30,10,0,0,0
p17,55020,30,10,0,0,0
p17,55080,30,10,0,0,0
p17,55140,30,10,0,0,0
p17,55200,30,10,0,0,0
p17,55260,30,10,0,0,0
p17,55320,30,10,0,0,0
p17,55380,30,10,0,0,0
p17,55440,30,10,0,0,0
p17,55500,30,10,0,0,0
p17,55560,30,10,0,0,0
p17,55620,30,10,0,0,0
p17,55680,30,10,0,0,0
p17,55740,30,10,0,0,0
p17,55800,30,10,0,0,0
p17,55860,30,10,0,0,0
p17,55920,29,9,0,1,0
p17,55921,27,7,0,3,0
p17,55922,26,6,0,4,0
p17,55937,25,5,0,5,0
p17,55950,24,4,0,6,0
p17,55951,24,4,0,6,2
p17,55952,24,4,0,6,6
p17,55967,23,3,0,7,6
p17,55969,22,2,0,8,8
p17,55972,21,1,0,9,9
p17,55979,20,0,0,10,10
p17,55980,20,0,0,10,10
p17,55997,20,0,0,10,9
p17,55998,20,0,0,9,9
p17,56000,20,0,0,8,8
p17,56040,20,0,0,8,8
p17,56085,20,0,0,7,7
p17,56100,20,0,0,7,7
p17,56160,20,0,0,7,7
p17,56219,20,0,0,6,6
p17,56220,20,0,0,6,6
p17,56227,20,0,0,6,5
p17,56232,20,0,0,4,4
p17,56240,20,0,0,3,3
p17,56257,20,0,0,2,2
p17,56262,20,0,0,2,1
p17,56263,20,0,0,1,1
p17,56268,20,0,0,0,0
p17,56280,20,0,0,0,0
p17,56340,20,0,0,0,0
p17,56400,20,0,0,0,0
p17,56460,20,0,0,0,0
p17,56499,19,0,0,1,1
p17,56520,19,0,0,1,1
p17,56526,18,0,0,2,1
p17,56527,18,0,0,2,2
p17,56544,17,0,0,3,3
p17,56545,16,0,0,4,4
p17,56580,16,0,0,4,4
p17,56598,15,0,0,5,5
p17,56623,14,0,0,6,5
p17,56624,14,0,0,6,6
p17,56626,13,0,0,7,6
p17,56627,13,0,0,7,7
p17,56640,13,0,0,7,7
p17,56649,12,0,0,8,8
p17,56673,11,0,0,9,9
p17,56675,10,0,0,10,10
p17,56700,10,0,0,10,10
p17,56760,10,0,0,10,10
p17,56820,10,0,0,10,10
p17,56880,10,0,0,10,10
p17,56940,10,0,0,10,10
p17,57000,10,0,0,10,10
p17,57060,10,0,0,10,10
p17,57120,10,0,0,10,10
p17,57180,10,0,0,10,10
p17,57240,10,0,0,10,10
p17,57300,10,0,0,10,10
p17,57360,10,0,0,10,10
p17,57420,10,0,0,10,10
p17,57480,10,0,0,10,10
p17,57540,10,0,0,10,10
p17,57600,10,0,0,10,10
p17,57603,33,13,0,10,10
p17,57604,40,20,0,10,10
p17,57660,40,20,0,10,10
p17,57720,40,20,0,10,10
p17,57780,40,20,0,10,10
p17,57798,39,19,0,11,10
p17,57800,38,18,0,12,10
p17,57840,38,18,0,12,10
p17,57853,38,18,0,10,9
p17,57854,38,18,0,7,7
p17,57857,38,18,0,6,6
p17,57871,38,18,0,6,5
p17,57872,38,18,0,5,5
p17,57885,37,17,0,6,6
p17,57900,37,17,0,6,6
p17,57908,37,17,0,5,5
p17,57910,37,17,0,4,4
p17,57915,37,17,0,3,3
p17,57928,37,17,0,2,2
p17,57932,37,17,0,1,1
p17,57945,37,17,0,0,0
p17,57960,37,17,0,0,0
p17,58019,36,16,0,1,1
p17,58020,36,16,0,1,1
p17,58027,35,15,0,2,2
p17,58028,35,15,0,1,1
p17,58032,34,14,0,2,2
p17,58037,34,14,0,1,1
p17,58039,34,14,0,0,0
p17,58040,33,13,0,1,1
p17,58057,32,12,0,2,2
p17,58063,31,11,0,3,3
p17,58064,31,11,0,2,2
p17,58068,30,10,0,2,2
p17,58078,30,10,0,1,1
p17,58080,30,10,0,1,1
p17,58084,30,10,0,0,0
p17,58140,30,10,0,0,0
p17,58200,30,10,0,0,0
p17,58260,30,10,0,0,0
p17,58320,30,10,0,0,0
p17,58380,30,10,0,0,0
p17,58440,30,10,0,0,0
p17,58500,30,10,0,0,0
p17,58560,30,10,0,0,0
p17,58620,30,10,0,0,0
p17,58680,30,10,0,0,0
p17,58740,30,10,0,0,0
p17,58800,30,10,0,0,0
p17,58860,30,10,0,0,0
p17,58920,30,10,0,0,0
p17,58980,30,10,0,0,0
p17,59040,30,10,0,0,0
p17,59100,30,10,0,0,0
p17,59160,30,10,0,0,0
p17,59220,30,10,0,0,0
p17,59280,30,10,0,0,0
p17,59340,30,10,0,0,0
p17,59400,30,10,0,0,0
p17,59460,30,10,0,0,0
p17,59520,30,10,0,0,0
p17,59580,30,10,0,0,0
p17,59640,30,10,0,0,0
p17,59653,29,9,0,1,0
p17,59654,25,5,0,5,5
p17,59657,24,4,0,6,6
p17,59672,23,3,0,7,7
p17,59700,23,3,0,7,7
p17,59708,22,2,0,8,8
p17,59710,21,1,0,9,9
p17,59715,20,0,0,10,10
p17,59728,19,0,0,11,11
p17,59732,18,0,0,12,12
p17,59745,17,0,0,13,13
p17,59748,17,0,0,12,12
p17,59760,17,0,0,12,12
p17,59768,17,0,0,12,11
p17,59769,17,0,0,11,11
p17,59775,17,0,0,11,10
p17,59776,17,0,0,10,10
p17,59792,17,0,0,9,9
p17,59820,17,0,0,9,9
p17,59828,16,0,0,10,9
p17,59829,16,0,0,10,10
p17,59838,15,0,0,11,11
p17,59839,14,0,0,12,11
p17,59864,13,0,0,13,13
p17,59866,13,0,0,12,12
p17,59868,12,0,0,12,12
p17,59874,12,0,0,12,11
p17,59875,12,0,0,11,11
p17,59878,11,0,0,12,12
p17,59880,11,0,0,12,12
p17,59884,10,0,0,13,13
p17,59894,10,0,0,12,12
p17,59899,10,0,0,11,11
p17,59904,10,0,0,10,10
p17,59940,10,0,0,10,10
p17,60000,10,0,0,10,10
p17,60060,10,0,0,10,10
p17,60120,10,0,0,10,10
p17,60180,10,0,0,10,10
p17,60240,10,0,0,10,10
p17,60300,10,0,0,10,10
p17,60360,10,0,0,10,10
p17,60420,10,0,0,10,10
p17,60480,10,0,0,10,10
p17,60540,10,0,0,10,10
p17,60600,10,0,0,10,10
p17,60660,10,0,0,10,10
p17,60720,10,0,0,10,10
p17,60780,10,0,0,10,10
p17,60840,10,0,0,10,10
p17,60900,10,0,0,10,10
p17,60960,10,0,0,10,10
p17,61020,10,0,0,10,10
p17,61080,10,0,0,10,10
p17,61140,10,0,0,10,10
p17,61200,10,0,0,10,10
p17,61203,18,0,0,10,10
p17,61204,38,18,0,10,10
p17,61205,40,20,0,10,10
p17,61260,40,20,0,10,10
p17,61320,40,20,0,10,10
p17,61380,40,20,0,10,10
p17,61440,40,20,0,10,10
p17,61500,40,20,0,10,10
p17,61548,39,19,0,11,10
p17,61560,39,19,0,11,10
p17,61569,38,18,0,12,10
p17,61576,37,17,0,13,10
p17,61584,37,17,0,11,11
p17,61592,36,16,0,12,12
p17,61607,36,16,0,11,11
p17,61620,36,16,0,11,11
p17,61646,36,16,0,10,10
p17,61652,36,16,0,9,9
p17,61654,36,16,0,8,8
p17,61663,36,16,0,7,7
p17,61666,35,15,0,8,8
p17,61668,34,14,0,9,9
p17,61672,34,14,0,8,8
p17,61674,34,14,0,7,7
p17,61675,33,13,0,8,8
p17,61680,33,13,0,8,8
p17,61683,33,13,0,7,7
p17,61689,33,13,0,6,6
p17,61692,33,13,0,5,5
p17,61695,32,12,0,6,6
p17,61697,32,12,0,5,5
p17,61699,31,11,0,5,4
p17,61703,31,11,0,4,4
p17,61704,30,10,0,5,4
p17,61705,30,10,0,5,5
p17,61713,30,10,0,4,4
p17,61718,30,10,0,3,3
p17,61730,30,10,0,2,2
p17,61740,30,10,0,2,2
p17,61747,30,10,0,1,1
p17,61749,30,10,0,0,0
p17,61800,30,10,0,0,0
p17,61860,30,10,0,0,0
p17,61920,30,10,0,0,0
p17,61980,30,10,0,0,0
p17,62040,30,10,0,0,0
p17,62100,30,10,0,0,0
p17,62160,30,10,0,0,0
p17,62220,30,10,0,0,0
p17,62280,30,10,0,0,0
p17,62340,30,10,0,0,0
p17,62400,30,10,0,0,0
p17,62460,30,10,0,0,0
p17,62520,30,10,0,0,0
p17,62580,30,10,0,0,0
p17,62640,30,10,0,0,0
p17,62700,30,10,0,0,0
p17,62760,30,10,0,0,0
p17,62820,30,10,0,0,0
p17,62880,30,10,0,0,0
p17,62940,30,10,0,0,0
p17,63000,30,10,0,0,0
p17,63060,30,10,0,0,0
p17,63120,30,10,0,0,0
p17,63180,30,10,0,0,0
p17,63240,30,10,0,0,0
p17,63300,30,10,0,0,0
p17,63360,30,10,0,0,0
p17,63368,30,10,1,0,0
p17,63384,30,10,1,0,1
p17,63385,28,8,1,2,2
p17,63407,27,7,1,3,3
p17,63420,27,7,1,3,3
p17,63428,27,7,0,3,3
p17,63441,27,7,0,3,3
p17,63447,26,6,0,4,4
p17,63449,26,6,0,4,4
p17,63452,25,5,0,5,5
p17,63454,24,4,0,6,5
p17,63455,24,4,0,6,6
p17,63463,23,3,0,7,7
p17,63472,22,2,0,8,8
p17,63474,21,1,0,9,9
p17,63480,21,1,0,9,9
p17,63483,20,0,0,10,10
p17,63488,20,0,0,9,9
p17,63489,19,0,0,10,10
p17,63492,18,0,0,11,11
p17,63495,18,0,0,10,10
p17,63497,17,0,0,11,11
p17,63499,16,0,0,12,12
p17,63500,16,0,0,11,11
p17,63504,15,0,0,12,12
p17,63513,14,0,0,13,13
p17,63518,13,0,0,14,14
p17,63531,12,0,0,15,15
p17,63540,12,0,0,15,15
p17,63547,11,0,0,16,16
p17,63549,10,0,0,17,17
p17,63554,10,0,0,17,16
p17,63555,10,0,0,16,16
p17,63560,10,0,0,16,15
p17,63569,10,0,0,15,14
p17,63570,10,0,0,14,14
p17,63600,10,0,0,14,14
p17,63608,10,0,0,14,13
p17,63609,10,0,0,13,13
p17,63637,10,0,0,12,12
p17,63638,10,0,0,11,11
p17,63643,10,0,0,10,10
p17,63660,10,0,0,10,10
p17,63720,10,0,0,10,10
p17,63780,10,0,0,10,10
p17,63840,10,0,0,10,10
p17,63900,10,0,0,10,10
p17,63960,10,0,0,10,10
p17,64020,10,0,0,10,10
p17,64080,10,0,0,10,10
p17,64140,10,0,0,10,10
p17,64200,10,0,0,10,10
p17,64260,10,0,0,10,10
p17,64320,10,0,0,10,10
p17,64380,10,0,0,10,10
p17,64440,10,0,0,10,10
p17,64500,10,0,0,10,10
p17,64560,10,0,0,10,10
p17,64620,10,0,0,10,10
p17,64680,10,0,0,10,10
p17,64740,10,0,0,10,10
p17,64800,10,0,0,10,10
p17,64802,17,0,0,10,10
p17,64803,36,16,0,10,10
p17,64804,40,20,0,10,10
p17,64860,40,20,0,10,10
p17,64920,40,20,0,10,10
p17,64980,40,20,0,10,10
p17,65040,40,20,0,10,10
p17,65100,40,20,0,10,10
p17,65160,40,20,0,10,10
p17,65220,40,20,0,10,10
p17,65228,39,19,0,11,10
p17,65253,39,19,0,9,9
p17,65280,39,19,0,9,9
p17,65282,39,19,0,8,8
p17,65285,39,19,0,7,7
p17,65295,38,18,0,8,8
p17,65298,38,18,0,7,7
p17,65300,37,17,0,7,7
p17,65311,37,17,0,6,6
p17,65320,37,17,0,5,5
p17,65340,37,17,0,5,5
p17,65343,37,17,0,5,4
p17,65344,37,17,0,4,4
p17,65346,37,17,0,3,3
p17,65355,36,16,0,4,4
p17,65359,36,16,0,4,3
p17,65360,35,15,0,4,4
p17,65364,35,15,0,3,3
p17,65368,35,15,0,3,2
p17,65369,35,15,0,2,2
p17,65370,34,14,0,3,3
p17,65373,34,14,0,2,2
p17,65395,34,14,0,1,1
p17,65400,34,14,0,1,1
p17,65409,33,13,0,2,2
p17,65412,33,13,0,0,0
p17,65437,32,12,0,1,1
p17,65438,31,11,0,2,2
p17,65443,30,10,0,3,2
p17,65444,30,10,0,3,3
p17,65451,30,10,0,2,2
p17,65460,30,10,0,2,2
p17,65465,30,10,0,1,1
p17,65483,30,10,0,0,0
p17,65520,30,10,0,0,0
p17,65580,30,10,0,0,0
p17,65640,30,10,0,0,0
p17,65700,30,10,0,0,0
p17,65760,30,10,0,0,0
p17,65820,30,10,0,0,0
p17,65880,30,10,0,0,0
p17,65940,30,10,0,0,0
p17,66000,30,10,0,0,0
p17,66060,30,10,0,0,0
p17,66120,30,10,0,0,0
p17,66180,30,10,0,0,0
p17,66240,30,10,0,0,0
p17,66300,30,10,0,0,0
p17,66360,30,10,0,0,0
p17,66420,30,10,0,0,0
p17,66480,30,10,0,0,0
p17,66540,30,10,0,0,0
p17,66600,30,10,0,0,0
p17,66660,30,10,0,0,0
p17,66720,30,10,0,0,0
p17,66780,30,10,0,0,0
p17,66840,30,10,0,0,0
p17,66900,30,10,0,0,0
p17,66960,30,10,0,0,0
p17,67020,30,10,0,0,0
p17,67053,28,8,0,2,2
p17,67080,28,8,0,2,2
p17,67082,27,7,0,3,3
p17,67085,26,6,0,4,4
p17,67098,25,5,0,5,5
p17,67100,24,4,0,6,6
p17,67111,23,3,0,7,7
p17,67120,22,2,0,8,8
p17,67136,22,2,0,7,7
p17,67140,22,2,0,7,7
p17,67144,21,1,0,8,8
p17,67146,20,0,0,9,9
p17,67148,20,0,0,8,8
p17,67153,20,0,0,7,7
p17,67160,19,0,0,8,8
p17,67164,18,0,0,9,9
p17,67169,17,0,0,10,10
p17,67174,16,0,0,11,11
p17,67195,15,0,0,12,12
p17,67200,15,0,0,12,12
p17,67212,14,0,0,13,13
p17,67213,13,0,0,14,14
p17,67216,13,0,0,13,13
p17,67236,13,0,0,12,12
p17,67238,13,0,0,11,11
p17,67248,13,0,0,10,10
p17,67251,12,0,0,11,11
p17,67255,12,0,0,10,10
p17,67256,12,0,0,9,9
p17,67260,12,0,0,9,9
p17,67263,12,0,0,8,8
p17,67266,11,0,0,9,9
p17,67283,10,0,0,10,10
p17,67320,10,0,0,10,10
p17,67380,10,0,0,10,10
p17,67412,10,0,0,10,9
p17,67440,10,0,0,10,9
p17,67462,10,0,0,10,10
p17,67500,10,0,0,10,10
p17,67560,10,0,0,10,10
p17,67620,10,0,0,10,10
p17,67680,10,0,0,10,10
p17,67740,10,0,0,10,10
p17,67800,10,0,0,10,10
p17,67860,10,0,0,10,10
p17,67920,10,0,0,10,10
p17,67980,10,0,0,10,10
p17,68040,10,0,0,10,10
p17,68100,10,0,0,10,10
p17,68160,10,0,0,10,10
p17,68220,10,0,0,10,10
p17,68280,10,0,0,10,10
p17,68340,10,0,0,10,10
p17,68400,10,0,0,10,10
p17,68403,26,6,0,10,10
p17,68404,40,20,0,10,10
p17,68460,40,20,0,10,10
p17,68520,40,20,0,10,10
p17,68580,40,20,0,10,10
p17,68640,40,20,0,10,10
p17,68700,40,20,0,10,10
p17,68760,40,20,0,10,10
p17,68820,40,20,0,10,10
p17,68880,40,20,0,10,10
p17,68891,40,20,0,8,8
p17,68892,40,20,0,7,7
p17,68923,40,20,0,6,6
p17,68925,40,20,0,5,5
p17,68928,40,20,0,4,4
p17,68936,39,19,0,5,5
p17,68937,39,19,0,5,4
p17,68938,39,19,0,4,4
p17,68939,39,19,0,3,3
p17,68940,39,19,0,3,3
p17,68948,38,18,0,4,4
p17,68953,37,17,0,5,5
p17,68960,37,17,0,4,4
p17,69000,37,17,0,4,4
p17,69011,37,17,0,4,3
p17,69012,37,17,0,2,2
p17,69016,36,16,0,3,2
p17,69017,36,16,0,3,3
p17,69021,36,16,0,2,2
p17,69036,35,15,0,3,2
p17,69037,35,15,0,3,3
p17,69039,34,14,0,4,4
p17,69048,33,13,0,4,4
p17,69055,32,12,0,5,5
p17,69056,31,11,0,6,6
p17,69060,31,11,0,6,5
p17,69061,31,11,0,5,5
p17,69063,30,10,0,6,6
p17,69065,30,10,0,5,5
p17,69074,30,10,0,4,4
p17,69081,30,10,0,3,3
p17,69083,30,10,0,2,2
p17,69105,30,10,0,1,1
p17,69108,30,10,0,0,0
p17,69120,30,10,0,0,0
p17,69180,30,10,0,0,0
p17,69240,30,10,0,0,0
p17,69300,30,10,0,0,0
p17,69360,30,10,0,0,0
p17,69420,30,10,0,0,0
p17,69480,30,10,0,0,0
p17,69540,30,10,0,0,0
p17,69600,30,10,0,0,0
p17,69660,30,10,0,0,0
p17,69720,30,10,0,0,0
p17,69780,30,10,0,0,0
p17,69840,30,10,0,0,0
p17,69900,30,10,0,0,0
p17,69960,30,10,0,0,0
p17,70020,30,10,0,0,0
p17,70080,30,10,0,0,0
p17,70140,30,10,0,0,0
p17,70200,30,10,0,0,0
p17,70260,30,10,0,0,0
p17,70320,30,10,0,0,0
p17,70380,30,10,0,0,0
p17,70440,30,10,0,0,0
p17,70500,30,10,0,0,0
p17,70560,30,10,0,0,0
p17,70620,30,10,0,0,0
p17,70680,30,10,0,0,0
p17,70691,29,9,0,1,1
p17,70692,27,7,0,3,3
p17,70723,26,6,0,4,3
p17,70724,26,6,0,4,4
p17,70725,25,5,0,5,5
p17,70728,25,5,0,5,6
p17,70729,24,4,0,6,6
p17,70738,23,3,0,7,7
p17,70739,22,2,0,8,8
p17,70740,22,2,0,8,8
p17,70760,21,1,0,9,9
p17,70800,21,1,0,9,9
p17,70811,20,0,0,10,10
p17,70812,19,0,0,11,11
p17,70821,18,0,0,12,12
p17,70841,18,0,0,11,11
p17,70848,17,0,0,12,12
p17,70860,17,0,0,12,12
p17,70861,16,0,0,13,13
p17,70865,15,0,0,14,14
p17,70873,15,0,0,13,13
p17,70875,14,0,0,14,14
p17,70878,14,0,0,13,13
p17,70881,13,0,0,13,13
p17,70883,12,0,0,14,14
p17,70891,12,0,0,13,13
p17,70893,12,0,0,13,12
p17,70894,12,0,0,12,12
p17,70895,12,0,0,11,11
p17,70905,11,0,0,12,12
p17,70908,10,0,0,13,13
p17,70916,10,0,0,12,12
p17,70920,10,0,0,12,12
p17,70937,10,0,0,11,11
p17,70953,10,0,0,10,10
p17,70980,10,0,0,10,10
p17,71023,10,0,0,10,9
p17,71040,10,0,0,10,9
p17,71062,10,0,0,10,8
p17,71100,10,0,0,10,8
p17,71107,10,0,0,10,10
p17,71160,10,0,0,10,10
p17,71220,10,0,0,10,10
p17,71280,10,0,0,10,10
p17,71340,10,0,0,10,10
p17,71400,10,0,0,10,10
p17,71460,10,0,0,10,10
p17,71520,10,0,0,10,10
p17,71580,10,0,0,10,10
p17,71640,10,0,0,10,10
p17,71700,10,0,0,10,10
p17,71760,10,0,0,10,10
p17,71820,10,0,0,10,10
p17,71880,10,0,0,10,10
p17,71940,10,0,0,10,10
p17,72000,10,0,0,10,10
p17,72002,16,0,0,10,10
p17,72003,40,20,0,10,10
p17,72046,40,20,0,8,8
p17,72047,40,20,0,7,7
p17,72060,40,20,0,6,6
p17,72074,40,20,0,5,5
p17,72098,40,20,0,4,4
p17,72106,40,20,0,2,2
p17,72114,40,20,0,1,1
p17,72115,40,20,0,0,0
p17,72120,40,20,0,0,0
p17,72180,40,20,0,0,0
p17,72240,40,20,0,0,0
p17,72300,40,20,0,0,0
p17,72360,40,20,0,0,0
p17,72420,40,20,0,0,0
p17,72480,40,20,0,0,0
p17,72540,40,20,0,0,0
p17,72600,40,20,0,0,0
p17,72641,39,19,0,1,1
p17,72660,39,19,0,1,1
p17,72673,39,19,0,0,0
p17,72674,38,18,0,1,1
p17,72679,37,17,0,2,2
p17,72681,36,16,0,3,3
p17,72691,35,15,0,4,3
p17,72692,35,15,0,4,4
p17,72694,34,14,0,5,5
p17,72695,33,13,0,6,5
p17,72696,33,13,0,6,6
p17,72710,33,13,0,5,5
p17,72712,33,13,0,4,4
p17,72714,33,13,0,3,3
p17,72716,32,12,0,4,4
p17,72720,32,12,0,4,4
p17,72729,32,12,0,3,3
p17,72738,31,11,0,4,4
p17,72753,30,10,0,5,5
p17,72780,30,10,0,5,5
p17,72783,30,10,0,4,4
p17,72790,30,10,0,3,3
p17,72792,30,10,0,2,2
p17,72798,30,10,0,1,1
p17,72840,30,10,0,1,1
p17,72900,30,10,0,1,1
p17,72960,30,10,0,1,1
p17,73020,30,10,0,1,1
p17,73036,30,10,0,0,0
p17,73080,30,10,0,0,0
p17,73140,30,10,0,0,0
p17,73200,30,10,0,0,0
p17,73260,30,10,0,0,0
p17,73320,30,10,0,0,0
p17,73380,30,10,0,0,0
p17,73440,30,10,0,0,0
p17,73500,30,10,0,0,0
p17,73560,30,10,0,0,0
p17,73620,30,10,0,0,0
p17,73680,30,10,0,0,0
p17,73740,30,10,0,0,0
p17,73800,30,10,0,0,0
p17,73846,29,9,0,1,1
p17,73847,27,7,0,3,3
p17,73860,26,6,0,4,4
p17,73874,25,5,0,5,5
p17,73894,25,5,0,4,4
p17,73896,25,5,0,3,3
p17,73898,24,4,0,4,4
p17,73900,24,4,0,3,3
p17,73906,22,2,0,5,5
p17,73914,21,1,0,6,6
p17,73915,20,0,0,7,6
p17,73916,20,0,0,7,7
p17,73920,20,0,0,7,7
p17,73931,20,0,0,7,6
p17,73932,20,0,0,6,6
p17,73933,20,0,0,4,4
p17,73941,20,0,0,3,3
p17,73953,20,0,0,2,2
p17,73955,20,0,0,1,1
p17,73958,20,0,0,0,0
p17,73980,20,0,0,0,0
p17,74040,20,0,0,0,0
p17,74100,20,0,0,0,0
p17,74160,20,0,0,0,0
p17,74220,20,0,0,0,0
p17,74280,20,0,0,0,0
p17,74340,20,0,0,0,0
p17,74400,20,0,0,0,0
p17,74460,20,0,0,0,0
p17,74473,19,0,0,1,1
p17,74510,18,0,0,2,2
p17,74512,17,0,0,3,3
p17,74514,16,0,0,4,4
p17,74520,16,0,0,4,4
p17,74529,15,0,0,5,4
p17,74580,15,0,0,5,4
p17,74583,14,0,0,6,4
p17,74591,13,0,0,7,4
p17,74592,12,0,0,8,4
p17,74598,11,0,0,9,4
p17,74640,11,0,0,9,4
p17,74664,11,0,0,9,9
p17,74700,11,0,0,9,9
p17,74760,11,0,0,9,9
p17,74820,11,0,0,9,9
p17,74836,10,0,0,10,10
p17,74880,10,0,0,10,10
p17,74940,10,0,0,10,10
p17,75000,10,0,0,10,10
p17,75060,10,0,0,10,10
p17,75120,10,0,0,10,10
p17,75180,10,0,0,10,10
p17,75240,10,0,0,10,10
p17,75300,10,0,0,10,10
p17,75360,10,0,0,10,10
p17,75420,10,0,0,10,10
p17,75480,10,0,0,10,10
p17,75540,10,0,0,10,10
p17,75600,10,0,0,10,10
p17,75603,15,0,0,10,10
p17,75604,40,20,0,10,10
p17,75628,40,20,0,7,7
p17,75629,40,20,0,6,6
p17,75634,40,20,0,5,5
p17,75660,40,20,0,5,5
p17,75677,40,20,0,4,4
p17,75681,40,20,0,3,3
p17,75695,39,19,0,4,4
p17,75696,38,18,0,5,5
p17,75700,37,17,0,6,5
p17,75701,37,17,0,6,6
p17,75702,37,17,0,5,5
p17,75715,37,17,0,4,4
p17,75719,37,17,0,3,3
p17,75720,37,17,0,3,3
p17,75731,37,17,0,3,2
p17,75732,36,16,0,3,3
p17,75733,35,15,0,4,4
p17,75734,34,14,0,5,5
p17,75737,34,14,0,4,4
p17,75741,33,13,0,5,5
p17,75749,33,13,0,5,4
p17,75750,33,13,0,4,4
p17,75753,32,12,0,5,5
p17,75755,31,11,0,6,6
p17,75758,30,10,0,7,7
p17,75760,30,10,0,6,6
p17,75779,30,10,0,5,5
p17,75780,30,10,0,5,5
p17,75795,30,10,0,4,4
p17,75798,30,10,0,3,3
p17,75804,30,10,0,2,2
p17,75806,30,10,0,1,1
p17,75818,30,10,0,0,0
p17,75840,30,10,0,0,0
p17,75900,30,10,0,0,0
p17,75960,30,10,0,0,0
p17,76020,30,10,0,0,0
p17,76080,30,10,0,0,0
p17,76140,30,10,0,0,0
p17,76200,30,10,0,0,0
p17,76260,30,10,0,0,0
p17,76320,30,10,0,0,0
p17,76380,30,10,0,0,0
p17,76440,30,10,0,0,0
p17,76500,30,10,0,0,0
p17,76560,30,10,0,0,0
p17,76620,30,10,0,0,0
p17,76680,30,10,0,0,0
p17,76740,30,10,0,0,0
p17,76800,30,10,0,0,0
p17,76860,30,10,0,0,0
p17,76920,30,10,0,0,0
p17,76980,30,10,0,0,0
p17,77040,30,10,0,0,0
p17,77100,30,10,0,0,0
p17,77160,30,10,0,0,0
p17,77220,30,10,0,0,0
p17,77280,30,10,0,0,0
p17,77340,30,10,0,0,0
p17,77400,30,10,0,0,0
p17,77428,27,7,0,3,0
p17,77429,26,6,0,4,0
p17,77434,25,5,0,5,0
p17,77440,25,5,0,5,5
p17,77460,25,5,0,5,5
p17,77477,24,4,0,6,6
p17,77481,23,3,0,7,7
p17,77503,22,2,0,8,8
p17,77516,21,1,0,9,9
p17,77519,20,0,0,10,10
p17,77520,20,0,0,10,10
p17,77532,19,0,0,11,11
p17,77537,18,0,0,12,12
p17,77550,17,0,0,13,13
p17,77560,16,0,0,14,14
p17,77579,15,0,0,15,14
p17,77580,15,0,0,15,15
p17,77594,15,0,0,14,14
p17,77596,14,0,0,15,15
p17,77597,14,0,0,14,14
p17,77598,13,0,0,15,15
p17,77604,12,0,0,16,16
p17,77606,11,0,0,17,17
p17,77614,11,0,0,16,16
p17,77618,10,0,0,17,17
p17,77634,10,0,0,16,16
p17,77640,10,0,0,16,16
p17,77652,10,0,0,15,15
p17,77653,10,0,0,14,14
p17,77654,10,0,0,14,13
p17,77655,10,0,0,13,13
p17,77666,10,0,0,12,12
p17,77679,10,0,0,11,11
p17,77698,10,0,0,10,10
p17,77700,10,0,0,10,10
p17,77760,10,0,0,10,10
p17,77820,10,0,0,10,10
p17,77880,10,0,0,10,10
p17,77940,10,0,0,10,10
p17,78000,10,0,0,10,10
p17,78060,10,0,0,10,10
p17,78120,10,0,0,10,10
p17,78180,10,0,0,10,10
p17,78240,10,0,0,10,10
p17,78300,10,0,0,10,10
p17,78360,10,0,0,10,10
p17,78420,10,0,0,10,10
p17,78480,10,0,0,10,10
p17,78540,10,0,0,10,10
p17,78600,10,0,0,10,10
p17,78660,10,0,0,10,10
p17,78720,10,0,0,10,10
p17,78780,10,0,0,10,10
p17,78840,10,0,0,10,10
p17,78900,10,0,0,10,10
p17,78960,10,0,0,10,10
p17,79020,10,0,0,10,10
p17,79080,10,0,0,10,10
p17,79140,10,0,0,10,10
p17,79200,10,0,0,10,10
p17,79203,11,0,0,10,10
p17,79204,34,14,0,10,10
p17,79260,34,14,0,10,10
p17,79275,40,20,0,10,9
p17,79276,40,20,0,7,7
p17,79293,40,20,0,6,6
p17,79308,40,20,0,5,5
p17,79320,40,20,0,5,5
p17,79321,40,20,0,4,4
p17,79325,40,20,0,4,3
p17,79326,40,20,0,3,3
p17,79336,40,20,0,2,2
p17,79338,40,20,0,2,1
p17,79339,40,20,0,0,0
p17,79380,40,20,0,0,0
p17,79394,39,19,0,1,1
p17,79397,38,18,0,2,2
p17,79409,38,18,0,1,1
p17,79414,37,17,0,2,2
p17,79416,37,17,0,1,1
p17,79422,37,17,0,0,0
p17,79434,36,16,0,1,0
p17,79435,36,16,0,1,1
p17,79437,36,16,0,0,0
p17,79440,36,16,0,0,0
p17,79452,35,15,0,1,1
p17,79454,34,14,0,2,2
p17,79455,33,13,0,3,3
p17,79466,32,12,0,4,4
p17,79480,31,11,0,5,5
p17,79485,31,11,0,4,4
p17,79498,30,10,0,5,4
p17,79499,30,10,0,5,5
p17,79500,30,10,0,5,5
p17,79509,30,10,0,4,4
p17,79521,30,10,0,3,3
p17,79560,30,10,0,3,3
p17,79574,30,10,0,2,2
p17,79590,30,10,0,1,1
p17,79620,30,10,0,1,1
p17,79680,30,10,0,1,1
p17,79740,30,10,0,1,1
p17,79800,30,10,0,1,1
p17,79817,30,10,0,0,0
p17,79860,30,10,0,0,0
p17,79920,30,10,0,0,0
p17,79980,30,10,0,0,0
p17,80040,30,10,0,0,0
p17,80100,30,10,0,0,0
p17,80160,30,10,0,0,0
p17,80220,30,10,0,0,0
p17,80280,30,10,0,0,0
p17,80340,30,10,0,0,0
p17,80400,30,10,0,0,0
p17,80460,30,10,0,0,0
p17,80520,30,10,0,0,0
p17,80580,30,10,0,0,0
p17,80640,30,10,0,0,0
p17,80700,30,10,0,0,0
p17,80760,30,10,0,0,0
p17,80820,30,10,0,0,0
p17,80880,30,10,0,0,0
p17,80940,30,10,0,0,0
p17,81000,30,10,0,0,0
p17,81060,30,10,0,0,0
p17,81076,27,7,0,3,3
p17,81093,26,6,0,4,4
p17,81108,25,5,0,5,5
p17,81120,25,5,0,5,5
p17,81121,24,4,0,6,6
p17,81126,23,3,0,6,6
p17,81129,23,3,0,5,5
p17,81135,23,3,0,4,4
p17,81136,22,2,0,5,5
p17,81139,20,0,0,7,6
p17,81140,20,0,0,7,7
p17,81146,20,0,0,6,6
p17,81150,20,0,0,6,5
p17,81151,20,0,0,5,5
p17,81154,20,0,0,4,4
p17,81167,20,0,0,3,3
p17,81175,20,0,0,2,2
p17,81180,20,0,0,2,2
p17,81208,20,0,0,1,1
p17,81209,19,0,0,2,2
p17,81217,18,0,0,3,3
p17,81222,17,0,0,4,4
p17,81230,17,0,0,3,3
p17,81238,16,0,0,4,4
p17,81240,16,0,0,4,4
p17,81285,15,0,0,5,4
p17,81300,15,0,0,5,4
p17,81309,14,0,0,6,6
p17,81321,13,0,0,7,7
p17,81360,13,0,0,7,7
p17,81374,12,0,0,8,7
p17,81391,11,0,0,9,7
p17,81420,11,0,0,9,7
p17,81480,11,0,0,9,7
p17,81507,11,0,0,9,9
p17,81540,11,0,0,9,9
p17,81600,11,0,0,9,9
p17,81617,10,0,0,10,10
p17,81660,10,0,0,10,10
p17,81720,10,0,0,10,10
p17,81780,10,0,0,10,10
p17,81840,10,0,0,10,10
p17,81900,10,0,0,10,10
p17,81960,10,0,0,10,10
p17,82020,10,0,0,10,10
p17,82080,10,0,0,10,10
p17,82140,10,0,0,10,10
p17,82200,10,0,0,10,10
p17,82260,10,0,0,10,10
p17,82320,10,0,0,10,10
p17,82380,10,0,0,10,10
p17,82440,10,0,0,10,10
p17,82500,10,0,0,10,10
p17,82560,10,0,0,10,10
p17,82620,10,0,0,10,10
p17,82680,10,0,0,10,10
p17,82740,10,0,0,10,10
p17,82800,10,0,0,10,10
p17,82803,19,0,0,10,10
p17,82804,40,20,0,10,10
p17,82860,40,20,0,10,10
p17,82898,40,20,0,10,9
p17,82899,40,20,0,9,9
p17,82908,40,20,0,8,8
p17,82920,40,20,0,8,8
p17,82926,39,19,0,9,9
p17,82930,38,18,0,10,10
p17,82935,37,17,0,10,10
p17,82937,37,17,0,9,8
p17,82938,37,17,0,8,8
p17,82946,36,16,0,9,9
p17,82951,35,15,0,10,10
p17,82954,34,14,0,11,11
p17,82955,34,14,0,10,9
p17,82956,34,14,0,9,9
p17,82962,34,14,0,8,8
p17,82967,33,13,0,9,9
p17,82973,33,13,0,8,8
p17,82975,32,12,0,9,9
p17,82980,32,12,0,8,8
p17,82988,32,12,0,7,7
p17,82993,32,12,0,6,6
p17,83008,31,11,0,7,7
p17,83017,31,11,0,6,6
p17,83031,30,10,0,7,7
p17,83040,30,10,0,7,7
p17,83059,30,10,0,6,6
p17,83067,30,10,0,5,5
p17,83073,30,10,0,5,4
p17,83074,30,10,0,4,4
p17,83082,30,10,0,3,3
p17,83090,30,10,0,2,2
p17,83093,30,10,0,1,1
p17,83100,30,10,0,1,1
p17,83106,30,10,0,1,0
p17,83107,30,10,0,0,0
p17,83160,30,10,0,0,0
p17,83220,30,10,0,0,0
p17,83280,30,10,0,0,0
p17,83340,30,10,0,0,0
p17,83400,30,10,0,0,0
p17,83460,30,10,0,0,0
p17,83520,30,10,0,0,0
p17,83580,30,10,0,0,0
p17,83640,30,10,0,0,0
p17,83700,30,10,0,0,0
p17,83760,30,10,0,0,0
p17,83820,30,10,0,0,0
p17,83880,30,10,0,0,0
p17,83940,30,10,0,0,0
p17,84000,30,10,0,0,0
p17,84060,30,10,0,0,0
p17,84120,30,10,0,0,0
p17,84180,30,10,0,0,0
p17,84240,30,10,0,0,0
p17,84300,30,10,0,0,0
p17,84360,30,10,0,0,0
p17,84420,30,10,0,0,0
p17,84480,30,10,0,0,0
p17,84540,30,10,0,0,0
p17,84600,30,10,0,0,0
p17,84660,30,10,0,0,0
p17,84699,29,9,0,1,1
p17,84708,28,8,0,2,2
p17,84720,28,8,0,2,2
p17,84735,27,7,0,3,3
p17,84737,26,6,0,4,4
p17,84738,25,5,0,5,5
p17,84755,24,4,0,6,6
p17,84756,23,3,0,7,7
p17,84762,22,2,0,8,8
p17,84773,21,1,0,9,9
p17,84780,20,0,0,10,10
p17,84788,19,0,0,11,11
p17,84793,18,0,0,12,12
p17,84817,17,0,0,13,13
p17,84840,17,0,0,13,13
p17,84858,17,0,0,12,12
p17,84859,16,0,0,13,13
p17,84867,15,0,0,14,14
p17,84870,15,0,0,13,13
p17,84874,14,0,0,13,13
p17,84882,13,0,0,14,13
p17,84883,13,0,0,14,14
p17,84890,12,0,0,15,15
p17,84893,11,0,0,16,16
p17,84900,11,0,0,16,16
p17,84907,10,0,0,17,17
p17,84929,10,0,0,16,16
p17,84932,10,0,0,15,15
p17,84950,10,0,0,14,14
p17,84959,10,0,0,14,13
p17,84960,10,0,0,13,13
p17,84972,10,0,0,11,11
p17,84988,10,0,0,11,10
p17,84989,10,0,0,10,10
p17,85020,10,0,0,10,10
p17,85080,10,0,0,10,10
p17,85140,10,0,0,10,10
p17,85200,10,0,0,10,10
p17,85260,10,0,0,10,10
p17,85320,10,0,0,10,10
p17,85380,10,0,0,10,10
p17,85440,10,0,0,10,10
p17,85500,10,0,0,10,10
p17,85560,10,0,0,10,10
p17,85620,10,0,0,10,10
p17,85680,10,0,0,10,10
p17,85740,10,0,0,10,10
p17,85800,10,0,0,10,10
p17,85860,10,0,0,10,10
p17,85920,10,0,0,10,10
p17,85980,10,0,0,10,10
p17,86040,10,0,0,10,10
p17,86100,10,0,0,10,10
p17,86160,10,0,0,10,10
p17,86220,10,0,0,10,10
p17,86280,10,0,0,10,10
p17,86340,10,0,0,10,10
p17,86400,10,0,0,10,10
p17,86406,0,0,0,0,0
